3	26	20	51	-2.3	0.4	0.394	-0.9	1.4	0.001
3	26	20	52	120.5	4.0	0.508	116.5	-3.3	0.026
3	26	20	54	94.8	-1.4	0.434	80.5	-15.0	0.066
3	26	20	55	98.6	-0.7	0.150	95.4	-3.3	0.026
3	26	20	56	8.4	0.1	0.677	7.0	-17.3	0.039
3	26	21	51	5.5	0.7	0.082	-1.4	1.2	0.010
3	26	21	52	80.5	3.5	0.453	79.9	-0.7	0.801
3	26	21	54	91.0	-2.0	0.283	30.9	-66.0	0.021
3	26	21	55	96.7	-1.1	0.126	96.1	-0.7	0.801
3	26	21	56	26.4	-0.8	0.141	9.2	-0.8	0.141
3	26	22	51	15.0	0.0	0.000	15.8	0.8	0.013
3	26	22	52	55.1	1.8	0.568	54.5	-1.1	0.531
3	26	22	54	89.5	-1.6	0.369	0.3	-6.3	0.496
3	26	22	55	87.0	0.7	0.601	0.0	-1.1	0.531
3	26	22	56	21.1	-0.2	0.816	19.6	-7.1	0.457
3	26	23	51	18.5	0.6	0.044	19.6	1.1	0.000
3	26	23	52	74.3	-4.5	0.244	74.2	-0.1	0.822
3	26	23	54	96.4	-1.7	0.125	113.4	17.6	0.064
3	26	23	55	98.9	-0.4	0.093	98.8	-0.1	0.822
3	26	23	56	21.0	-0.5	0.063	24.7	17.6	0.062
3	26	24	51	20.7	1.0	0.001	21.4	0.8	0.020
3	26	24	52	72.6	1.8	0.737	72.2	-0.5	0.722
3	26	24	54	91.2	-6.0	0.006	83.1	-8.9	0.116
3	26	24	55	89.0	-0.4	0.726	88.6	-0.5	0.722
3	26	24	56	9.7	-0.7	0.005	8.8	-9.6	0.093
3	25	20	51	1.6	0.3	0.361	2.8	1.2	0.001
3	25	20	52	136.2	4.4	0.595	155.7	14.3	0.070
3	25	20	54	84.8	2.2	0.336	31.0	-63.4	0.002
3	25	20	55	97.0	-1.0	0.225	93.3	-3.8	0.049
3	25	20	56	7.4	-0.3	0.236	2.6	-65.0	0.002
3	25	21	51	6.7	0.6	0.100	-1.4	1.2	0.010
3	25	21	52	75.2	1.2	0.851	78.5	4.4	0.589
3	25	21	54	82.9	-4.2	0.092	26.1	-68.5	0.036
3	25	21	55	98.3	0.5	0.393	98.6	0.4	0.774
3	25	21	56	24.4	-1.1	0.126	7.8	-1.1	0.126
3	25	22	51	15.0	0.4	0.152	15.8	0.9	0.001
3	25	22	52	33.9	-0.6	0.869	29.8	-12.2	0.282
3	25	22	54	90.3	-1.8	0.181	84.6	-6.3	0.496
3	25	22	55	72.8	-1.7	0.574	70.0	-4.0	0.309
3	25	22	56	18.0	-0.9	0.405	15.4	-14.6	0.086
3	25	23	51	19.6	0.7	0.008	20.6	1.0	0.000
3	25	23	52	50.8	-1.3	0.787	57.7	13.7	0.401
3	25	23	54	92.3	-5.3	0.005	88.9	-3.7	0.573
3	25	23	55	94.5	-0.5	0.676	93.9	-0.7	0.788
3	25	23	56	19.2	-1.2	0.020	18.7	-2.7	0.705
3	25	24	51	22.6	0.9	0.005	23.5	0.9	0.004
3	25	24	52	39.2	-4.0	0.467	41.8	6.6	0.761
3	25	24	54	75.6	-9.4	0.006	51.2	-32.4	0.002
3	25	24	55	95.4	0.8	0.442	95.2	-0.2	0.846
3	25	24	56	8.6	-1.0	0.008	5.8	-32.2	0.002
3	14	20	51	-2.9	0.3	0.514	-1.6	1.2	0.006
3	14	20	52	98.2	1.5	0.786	106.6	8.5	0.237
3	14	20	54	92.3	-2.0	0.422	86.0	-6.9	0.398
3	14	20	55	99.0	-0.1	0.762	97.2	-1.8	0.252
3	14	20	56	8.2	0.2	0.433	7.9	-4.4	0.578
3	14	21	51	5.2	0.6	0.097	-1.4	1.2	0.010
3	14	21	52	77.6	1.5	0.789	80.3	3.4	0.685
3	14	21	54	91.9	-1.3	0.471	52.2	-43.2	0.084
3	14	21	55	95.4	-0.6	0.606	94.0	-1.5	0.711
3	14	21	56	26.3	-0.6	0.300	10.5	-0.6	0.300
3	14	22	51	14.9	0.2	0.602	15.7	0.8	0.023
3	14	22	52	56.8	-4.4	0.384	53.6	-5.6	0.560
3	14	22	54	89.5	-2.3	0.281	157.2	75.6	0.001
3	14	22	55	86.0	-1.3	0.569	85.2	-0.9	0.691
3	14	22	56	20.9	-0.7	0.433	20.2	-3.2	0.766
3	14	23	51	17.8	0.6	0.029	18.8	1.0	0.001
3	14	23	52	90.6	-9.3	0.243	97.0	7.1	0.418
3	14	23	54	97.5	-0.5	0.538	188.0	92.9	0.000
3	14	23	55	97.7	-1.3	0.013	97.7	0.0	0.971
3	14	23	56	20.9	-0.4	0.089	30.6	46.0	0.003
3	14	24	51	19.7	1.2	0.000	20.4	0.7	0.052
3	14	24	52	89.2	0.8	0.936	87.7	-1.7	0.888
3	14	24	54	94.9	-3.8	0.008	110.7	16.7	0.090
3	14	24	55	85.0	-0.1	0.957	85.5	0.5	0.851
3	14	24	56	9.7	-0.4	0.122	10.4	7.1	0.327
3	3	20	51	-2.3	0.3	0.537	-1.0	1.3	0.010
3	3	20	52	108.5	6.3	0.282	120.5	11.0	0.064
3	3	20	54	93.0	-1.6	0.484	90.3	-2.8	0.710
3	3	20	55	99.0	-0.3	0.458	95.8	-3.2	0.043
3	3	20	56	8.3	0.1	0.564	7.6	-8.4	0.314
3	3	21	51	5.1	0.5	0.112	-1.4	1.2	0.010
3	3	21	52	78.5	12.4	0.027	83.9	6.9	0.366
3	3	21	54	93.5	-1.6	0.288	36.0	-61.5	0.016
3	3	21	55	95.4	-2.3	0.032	94.3	-1.1	0.799
3	3	21	56	26.8	-1.1	0.041	14.2	-1.1	0.041
3	3	22	51	14.2	0.0	0.953	14.9	0.6	0.066
3	3	22	52	62.5	4.5	0.325	63.1	1.0	0.916
3	3	22	54	93.5	-0.7	0.452	91.3	-2.4	0.821
3	3	22	55	88.9	1.4	0.437	87.9	-1.1	0.540
3	3	22	56	22.4	0.2	0.698	22.0	-1.8	0.860
3	3	23	51	17.0	0.6	0.028	18.0	1.0	0.001
3	3	23	52	79.2	-3.0	0.640	86.2	8.8	0.280
3	3	23	54	97.3	1.0	0.141	141.4	45.4	0.004
3	3	23	55	98.0	-0.1	0.923	97.0	-1.0	0.086
3	3	23	56	21.0	0.2	0.253	40.0	90.8	0.001
3	3	24	51	19.0	1.0	0.002	19.3	0.4	0.215
3	3	24	52	93.0	14.1	0.086	118.1	26.9	0.024
3	3	24	54	96.4	-1.4	0.132	102.9	6.8	0.315
3	3	24	55	84.2	-3.3	0.075	78.7	-6.6	0.021
3	3	24	56	9.7	-0.5	0.012	10.6	9.4	0.343
3	17	20	51	-2.3	0.3	0.535	-0.7	1.6	0.001
3	17	20	52	113.2	5.1	0.547	131.3	15.9	0.031
3	17	20	54	92.6	-1.7	0.435	78.7	-15.0	0.116
3	17	20	55	98.1	-1.0	0.186	95.1	-3.0	0.021
3	17	20	56	8.2	0.1	0.747	6.8	-17.3	0.073
3	17	21	51	5.1	0.8	0.097	-1.4	1.2	0.010
3	17	21	52	74.7	2.5	0.708	83.2	11.4	0.202
3	17	21	54	87.8	-1.9	0.427	20.9	-76.2	0.021
3	17	21	55	97.2	-0.8	0.180	97.2	0.0	0.997
3	17	21	56	25.6	-0.7	0.306	6.5	-0.7	0.306
3	17	22	51	14.2	0.1	0.828	15.1	0.8	0.014
3	17	22	52	46.5	7.0	0.119	37.9	-18.4	0.144
3	17	22	54	81.3	-1.6	0.625	65.4	-19.5	0.086
3	17	22	55	81.4	2.7	0.202	77.1	-5.3	0.170
3	17	22	56	18.1	0.5	0.654	13.0	-28.1	0.019
3	17	23	51	17.0	0.5	0.196	18.1	1.1	0.001
3	17	23	52	67.8	1.2	0.821	66.1	-2.5	0.813
3	17	23	54	90.1	-3.4	0.198	76.0	-15.7	0.067
3	17	23	55	97.4	0.7	0.334	96.9	-0.5	0.740
3	17	23	56	19.4	-0.6	0.355	16.5	-15.0	0.090
3	17	24	51	19.0	0.9	0.012	19.9	0.9	0.017
3	17	24	52	52.1	-1.4	0.817	62.4	19.8	0.296
3	17	24	54	81.6	-8.4	0.020	59.2	-27.5	0.013
3	17	24	55	93.1	0.3	0.776	91.6	-1.6	0.327
3	17	24	56	9.1	-0.9	0.023	6.5	-29.1	0.008
3	18	20	51	-3.6	0.3	0.536	-1.7	1.8	0.001
3	18	20	52	138.0	7.7	0.445	159.5	15.6	0.063
3	18	20	54	90.8	-1.5	0.501	90.3	-0.5	0.953
3	18	20	55	96.3	-1.8	0.164	93.2	-3.2	0.075
3	18	20	56	7.9	0.0	0.888	7.7	-2.2	0.809
3	18	21	51	5.3	0.7	0.087	-1.4	1.2	0.010
3	18	21	52	82.9	6.7	0.295	95.7	15.5	0.096
3	18	21	54	91.2	-1.3	0.492	34.8	-61.8	0.028
3	18	21	55	96.4	-1.5	0.039	96.2	-0.2	0.923
3	18	21	56	26.4	-0.8	0.193	10.3	-0.8	0.193
3	18	22	51	15.5	0.2	0.685	16.4	0.8	0.022
3	18	22	52	46.5	1.6	0.774	40.3	-13.5	0.254
3	18	22	54	84.6	-1.8	0.502	85.3	0.9	0.925
3	18	22	55	79.6	0.0	0.999	77.0	-3.3	0.427
3	18	22	56	18.4	-0.2	0.858	14.0	-24.0	0.044
3	18	23	51	19.6	0.5	0.172	20.7	1.1	0.004
3	18	23	52	65.4	-4.1	0.557	68.1	4.0	0.729
3	18	23	54	90.1	-3.8	0.147	83.2	-7.7	0.434
3	18	23	55	96.0	-0.9	0.363	94.4	-1.7	0.223
3	18	23	56	19.1	-0.9	0.168	17.7	-7.6	0.449
3	18	24	51	21.9	1.0	0.017	22.9	0.9	0.037
3	18	24	52	55.8	-2.2	0.772	60.9	9.0	0.659
3	18	24	54	80.6	-9.2	0.019	57.7	-28.4	0.021
3	18	24	55	92.2	0.4	0.797	91.6	-0.6	0.754
3	18	24	56	8.9	-1.0	0.018	6.4	-28.2	0.021
3	5	20	51	-3.0	0.4	0.409	-1.6	1.4	0.007
3	5	20	52	107.5	1.4	0.775	118.4	10.2	0.107
3	5	20	54	91.7	-2.5	0.350	93.2	1.6	0.857
3	5	20	55	99.2	0.0	0.761	96.5	-2.7	0.109
3	5	20	56	8.2	0.2	0.351	8.2	-0.4	0.964
3	5	21	51	4.8	0.6	0.073	-1.4	1.2	0.010
3	5	21	52	79.8	3.5	0.617	82.4	3.3	0.713
3	5	21	54	94.1	-1.0	0.451	48.0	-49.0	0.036
3	5	21	55	95.3	-1.3	0.344	99.5	4.4	0.314
3	5	21	56	26.9	-0.7	0.233	15.0	-0.7	0.233
3	5	22	51	14.5	0.0	0.926	15.1	0.6	0.089
3	5	22	52	58.6	6.8	0.176	52.7	-10.1	0.317
3	5	22	54	91.7	-1.1	0.463	85.6	-6.7	0.526
3	5	22	55	86.9	2.5	0.200	86.3	-0.8	0.715
3	5	22	56	21.5	0.4	0.539	20.8	-3.4	0.750
3	5	23	51	17.3	0.5	0.073	18.3	1.0	0.000
3	5	23	52	86.0	-13.3	0.091	93.4	8.6	0.355
3	5	23	54	97.2	0.2	0.780	163.3	68.1	0.001
3	5	23	55	97.5	-0.9	0.137	96.6	-0.9	0.220
3	5	23	56	20.9	-0.2	0.442	34.8	66.9	0.001
3	5	24	51	19.1	1.1	0.001	19.6	0.5	0.133
3	5	24	52	94.8	-5.9	0.557	96.1	1.3	0.902
3	5	24	54	95.9	-1.9	0.149	109.9	14.6	0.084
3	5	24	55	83.8	1.4	0.560	83.6	-0.2	0.934
3	5	24	56	9.6	-0.1	0.831	10.9	13.3	0.146
3	19	20	51	-1.1	0.6	0.166	-0.2	0.9	0.020
3	19	20	52	200.1	7.8	0.461	223.9	11.9	0.054
3	19	20	54	94.7	-0.4	0.762	81.9	-13.6	0.061
3	19	20	55	88.2	-1.1	0.561	80.8	-8.4	0.070
3	19	20	56	7.5	-0.1	0.797	6.1	-18.5	0.040
3	19	21	51	7.5	0.3	0.318	-1.4	1.2	0.010
3	19	21	52	113.8	3.4	0.710	117.9	3.7	0.620
3	19	21	54	76.7	-4.0	0.159	40.2	-47.7	0.209
3	19	21	55	80.7	-2.7	0.489	80.8	0.2	0.979
3	19	21	56	18.6	-1.8	0.115	10.5	-1.8	0.115
3	19	22	51	15.7	0.3	0.349	16.6	0.9	0.005
3	19	22	52	83.3	-0.9	0.908	87.4	4.9	0.630
3	19	22	54	84.3	-2.8	0.328	74.4	-11.8	0.259
3	19	22	55	93.0	-1.1	0.440	90.3	-3.0	0.087
3	19	22	56	21.2	-0.9	0.282	20.9	-1.8	0.845
3	19	23	51	18.4	0.7	0.002	19.5	1.1	0.003
3	19	23	52	86.4	-0.1	0.990	88.9	2.9	0.754
3	19	23	54	97.3	-1.1	0.122	143.4	47.4	0.016
3	19	23	55	97.9	-0.6	0.333	97.7	-0.2	0.769
3	19	23	56	21.0	-0.4	0.089	30.8	47.1	0.016
3	19	24	51	20.4	0.8	0.007	21.1	0.7	0.048
3	19	24	52	91.5	7.2	0.471	99.6	9.0	0.421
3	19	24	54	92.7	-3.6	0.029	107.2	15.6	0.048
3	19	24	55	84.5	-1.8	0.431	82.7	-2.1	0.422
3	19	24	56	9.3	-0.6	0.006	10.6	13.7	0.106
3	22	20	51	-2.0	0.2	0.608	-0.4	1.6	0.000
3	22	20	52	121.3	5.6	0.550	138.3	14.0	0.090
3	22	20	54	95.4	-1.0	0.456	64.7	-32.2	0.003
3	22	20	55	97.5	-0.9	0.295	95.3	-2.2	0.061
3	22	20	56	8.4	0.0	0.954	5.5	-33.8	0.002
3	22	21	51	6.1	0.7	0.102	-1.4	1.2	0.010
3	22	21	52	76.3	0.1	0.988	89.2	16.9	0.073
3	22	21	54	86.8	-2.3	0.315	20.2	-76.8	0.029
3	22	21	55	96.7	-0.7	0.380	96.1	-0.7	0.453
3	22	21	56	25.2	-0.8	0.255	5.8	-0.8	0.255
3	22	22	51	16.0	0.2	0.514	16.8	0.8	0.011
3	22	22	52	42.9	5.8	0.261	37.1	-13.4	0.258
3	22	22	54	81.3	-2.2	0.436	56.8	-30.2	0.004
3	22	22	55	77.5	1.0	0.770	73.2	-5.5	0.190
3	22	22	56	17.4	0.0	0.992	11.9	-31.4	0.006
3	22	23	51	20.3	0.5	0.100	21.3	1.0	0.002
3	22	23	52	59.3	-3.5	0.616	64.0	8.0	0.581
3	22	23	54	87.1	-4.7	0.094	74.2	-14.9	0.098
3	22	23	55	94.7	0.0	1.000	93.7	-1.1	0.647
3	22	23	56	18.2	-1.0	0.196	15.7	-14.0	0.146
3	22	24	51	22.7	0.8	0.017	23.5	0.9	0.027
3	22	24	52	51.6	-6.8	0.351	60.4	17.0	0.450
3	22	24	54	74.6	-8.8	0.019	49.4	-33.7	0.013
3	22	24	55	93.0	1.4	0.351	92.4	-0.6	0.614
3	22	24	56	8.3	-0.9	0.032	5.5	-34.0	0.012
3	15	20	51	-2.9	0.3	0.508	-1.8	1.1	0.013
3	15	20	52	130.4	8.6	0.181	144.2	10.5	0.081
3	15	20	54	92.9	-1.5	0.432	94.1	1.3	0.864
3	15	20	55	97.9	-0.8	0.122	92.9	-5.1	0.127
3	15	20	56	8.2	0.1	0.725	8.0	-2.7	0.735
3	15	21	51	3.9	0.4	0.213	-1.4	1.2	0.010
3	15	21	52	126.1	17.3	0.050	121.2	-3.9	0.536
3	15	21	54	96.6	0.9	0.277	63.6	-34.2	0.028
3	15	21	55	0.0	0.0	0.000	0.0	18.1	0.080
3	15	21	56	0.0	0.0	0.000	0.0	0.0	0.000
3	15	22	51	12.3	0.3	0.342	13.1	0.9	0.009
3	15	22	52	106.4	0.8	0.926	111.7	5.0	0.614
3	15	22	54	96.7	0.6	0.594	77.4	-20.0	0.068
3	15	22	55	96.0	0.4	0.612	94.1	-2.0	0.291
3	15	22	56	25.1	0.1	0.826	43.5	73.3	0.002
3	15	23	51	15.1	0.6	0.003	16.1	1.0	0.003
3	15	23	52	130.4	7.4	0.491	137.3	5.3	0.524
3	15	23	54	91.1	3.3	0.004	242.3	165.9	0.002
3	15	23	55	95.6	-1.8	0.248	94.1	-1.5	0.161
3	15	23	56	19.2	0.3	0.459	50.8	164.9	0.002
3	15	24	51	17.0	0.9	0.001	17.7	0.6	0.078
3	15	24	52	136.6	21.6	0.142	138.1	1.1	0.927
3	15	24	54	94.8	3.3	0.001	126.7	33.5	0.056
3	15	24	55	73.8	-5.5	0.131	73.5	-0.4	0.924
3	15	24	56	8.4	-0.3	0.433	11.3	34.2	0.085
3	6	20	51	-3.2	0.4	0.418	-1.8	1.4	0.006
3	6	20	52	105.5	3.0	0.612	118.8	12.6	0.058
3	6	20	54	91.3	-2.6	0.354	91.0	-0.3	0.974
3	6	20	55	99.0	-0.5	0.087	96.1	-2.9	0.075
3	6	20	56	8.1	0.2	0.452	7.9	-2.9	0.750
3	6	21	51	5.1	0.7	0.070	-1.4	1.2	0.010
3	6	21	52	76.2	0.3	0.957	82.3	8.1	0.400
3	6	21	54	92.3	-1.5	0.408	38.2	-58.6	0.017
3	6	21	55	96.5	-0.8	0.281	92.0	-4.6	0.361
3	6	21	56	26.7	-0.7	0.240	11.4	-0.7	0.240
3	6	22	51	15.2	0.0	0.933	15.8	0.6	0.069
3	6	22	52	54.5	3.0	0.546	52.1	-4.4	0.669
3	6	22	54	87.1	-1.3	0.553	89.3	2.5	0.803
3	6	22	55	84.7	2.6	0.313	85.5	0.9	0.669
3	6	22	56	20.0	0.4	0.677	19.1	-4.7	0.671
3	6	23	51	18.2	0.5	0.118	19.2	1.0	0.001
3	6	23	52	82.4	-11.8	0.077	85.9	4.2	0.590
3	6	23	54	95.9	-1.5	0.290	118.3	23.4	0.049
3	6	23	55	97.8	-1.8	0.018	97.4	-0.4	0.320
3	6	23	56	20.6	-0.7	0.043	25.4	23.2	0.050
3	6	24	51	20.1	1.1	0.001	20.8	0.6	0.067
3	6	24	52	77.4	-0.9	0.888	71.8	-7.2	0.473
3	6	24	54	93.1	-5.4	0.016	94.9	2.0	0.712
3	6	24	55	87.9	0.2	0.903	89.6	2.0	0.422
3	6	24	56	9.8	-0.6	0.030	10.2	3.7	0.543
3	16	20	51	-3.0	0.4	0.403	-1.6	1.4	0.002
3	16	20	52	98.9	4.6	0.573	112.7	13.9	0.063
3	16	20	54	92.3	-2.0	0.417	85.0	-7.8	0.349
3	16	20	55	98.2	-1.3	0.046	95.4	-2.8	0.067
3	16	20	56	8.1	0.1	0.733	7.3	-10.5	0.215
3	16	21	51	5.4	0.7	0.090	-1.4	1.2	0.010
3	16	21	52	67.4	0.0	0.994	65.4	-2.9	0.697
3	16	21	54	89.9	-1.6	0.432	22.0	-75.5	0.016
3	16	21	55	97.0	-0.7	0.439	99.6	2.6	0.325
3	16	21	56	26.2	-0.6	0.335	6.8	-0.6	0.335
3	16	22	51	15.5	0.1	0.734	16.4	0.8	0.015
3	16	22	52	48.3	3.3	0.432	41.0	-15.2	0.150
3	16	22	54	84.9	-2.1	0.441	63.5	-25.2	0.024
3	16	22	55	82.4	2.2	0.365	79.8	-3.1	0.301
3	16	22	56	19.1	0.3	0.795	15.2	-20.3	0.076
3	16	23	51	18.9	0.6	0.078	20.1	1.2	0.000
3	16	23	52	77.9	-8.0	0.165	74.6	-4.2	0.658
3	16	23	54	94.1	-2.7	0.121	88.8	-5.7	0.488
3	16	23	55	98.2	-0.5	0.278	97.8	-0.4	0.620
3	16	23	56	20.3	-0.7	0.083	19.1	-5.9	0.471
3	16	24	51	21.1	1.0	0.002	22.0	0.9	0.014
3	16	24	52	66.8	4.2	0.612	63.1	-5.5	0.621
3	16	24	54	87.9	-7.0	0.012	72.6	-17.4	0.019
3	16	24	55	89.9	-1.0	0.566	90.7	0.9	0.522
3	16	24	56	9.5	-0.9	0.008	7.9	-16.5	0.029
3	13	20	51	-4.2	0.1	0.772	-2.3	1.9	0.001
3	13	20	52	125.5	0.1	0.987	146.9	17.0	0.045
3	13	20	54	87.2	-1.1	0.700	107.4	23.2	0.093
3	13	20	55	97.8	-0.6	0.396	94.2	-3.7	0.084
3	13	20	56	7.7	0.1	0.845	9.3	20.9	0.139
3	13	21	51	5.0	0.7	0.170	-1.4	1.2	0.010
3	13	21	52	68.7	3.4	0.515	74.5	8.5	0.398
3	13	21	54	90.9	0.1	0.955	41.6	-54.2	0.018
3	13	21	55	97.2	-0.3	0.733	99.7	2.6	0.397
3	13	21	56	26.5	0.0	0.963	12.9	0.0	0.963
3	13	22	51	15.5	0.1	0.878	16.2	0.8	0.035
3	13	22	52	51.5	-1.2	0.843	42.6	-17.3	0.115
3	13	22	54	85.0	-1.0	0.708	85.2	0.3	0.978
3	13	22	55	82.3	-1.3	0.612	80.0	-2.8	0.362
3	13	22	56	19.1	-0.3	0.777	15.3	-19.5	0.115
3	13	23	51	19.6	0.4	0.317	20.7	1.1	0.003
3	13	23	52	63.2	-2.3	0.706	68.9	8.9	0.489
3	13	23	54	90.2	-2.8	0.283	82.8	-8.2	0.421
3	13	23	55	95.8	-0.7	0.602	93.7	-2.2	0.011
3	13	23	56	19.1	-0.7	0.312	17.3	-9.6	0.347
3	13	24	51	21.7	0.8	0.034	22.6	0.9	0.029
3	13	24	52	59.6	1.4	0.837	57.8	-3.1	0.863
3	13	24	54	83.0	-7.8	0.035	63.0	-24.0	0.019
3	13	24	55	91.5	-0.3	0.841	92.0	0.6	0.834
3	13	24	56	9.1	-0.9	0.022	6.9	-23.6	0.023
3	7	20	51	-1.9	0.4	0.425	-0.8	1.1	0.011
3	7	20	52	117.6	8.8	0.101	131.3	11.6	0.052
3	7	20	54	93.8	-1.3	0.457	81.8	-12.8	0.123
3	7	20	55	98.9	-0.5	0.042	96.0	-2.9	0.066
3	7	20	56	8.3	0.1	0.630	7.1	-14.4	0.094
3	7	21	51	5.4	0.5	0.173	-1.4	1.2	0.010
3	7	21	52	89.2	15.4	0.018	89.0	-0.2	0.980
3	7	21	54	92.2	-1.7	0.300	50.3	-45.5	0.144
3	7	21	55	89.7	-5.8	0.002	88.8	-1.0	0.851
3	7	21	56	24.8	-2.1	0.003	13.8	-2.1	0.003
3	7	22	51	14.1	0.2	0.521	14.8	0.7	0.033
3	7	22	52	81.1	6.2	0.349	85.8	5.7	0.557
3	7	22	54	94.1	-1.1	0.531	94.8	0.8	0.941
3	7	22	55	93.2	0.4	0.741	92.0	-1.3	0.470
3	7	22	56	23.7	-0.2	0.789	23.9	0.7	0.948
3	7	23	51	16.8	0.6	0.009	17.8	1.0	0.002
3	7	23	52	87.3	2.1	0.759	92.2	5.6	0.498
3	7	23	54	97.3	1.4	0.032	170.3	75.0	0.003
3	7	23	55	98.3	-0.1	0.769	97.8	-0.6	0.387
3	7	23	56	21.1	0.3	0.095	36.7	74.4	0.003
3	7	24	51	18.7	0.9	0.001	19.2	0.5	0.129
3	7	24	52	97.3	13.4	0.141	107.1	10.1	0.328
3	7	24	54	97.2	0.0	0.940	116.5	19.8	0.041
3	7	24	55	83.2	-3.1	0.132	80.9	-2.7	0.328
3	7	24	56	9.7	-0.4	0.141	11.3	16.6	0.096
3	23	20	51	-1.5	0.3	0.465	-0.2	1.3	0.001
3	23	20	52	94.9	5.1	0.541	109.7	15.6	0.076
3	23	20	54	94.8	-0.8	0.633	61.1	-35.6	0.001
3	23	20	55	97.8	-1.1	0.061	96.1	-1.7	0.152
3	23	20	56	8.3	0.0	0.841	5.3	-36.3	0.001
3	23	21	51	6.5	0.7	0.064	-1.4	1.2	0.010
3	23	21	52	59.4	-1.9	0.712	58.9	-0.9	0.905
3	23	21	54	84.0	-3.8	0.136	16.1	-80.9	0.024
3	23	21	55	97.2	0.0	0.982	96.5	-0.7	0.576
3	23	21	56	24.5	-1.1	0.149	4.7	-1.1	0.149
3	23	22	51	16.2	0.2	0.545	17.1	0.9	0.005
3	23	22	52	44.0	4.1	0.443	41.8	-5.1	0.663
3	23	22	54	79.5	-2.4	0.405	55.5	-30.2	0.003
3	23	22	55	78.2	1.9	0.548	76.2	-2.5	0.503
3	23	22	56	17.1	0.1	0.951	11.9	-30.3	0.010
3	23	23	51	20.1	0.6	0.058	21.3	1.2	0.000
3	23	23	52	61.1	3.5	0.489	65.0	6.4	0.644
3	23	23	54	88.5	-4.7	0.067	67.8	-23.3	0.004
3	23	23	55	96.8	0.4	0.626	96.2	-0.6	0.734
3	23	23	56	18.9	-1.0	0.113	14.5	-22.9	0.006
3	23	24	51	22.5	1.0	0.003	23.5	1.0	0.007
3	23	24	52	56.1	-1.6	0.799	54.3	-3.2	0.834
3	23	24	54	75.7	-10.1	0.005	50.3	-33.7	0.003
3	23	24	55	92.3	0.3	0.816	92.7	0.4	0.763
3	23	24	56	8.4	-1.1	0.004	5.5	-33.6	0.003
3	21	20	51	-0.6	0.4	0.397	0.5	1.2	0.002
3	21	20	52	95.7	4.7	0.580	107.4	12.2	0.176
3	21	20	54	94.3	0.3	0.835	55.3	-41.4	0.001
3	21	20	55	97.7	-0.8	0.218	96.7	-1.1	0.240
3	21	20	56	8.3	-0.1	0.467	4.8	-41.7	0.001
3	21	21	51	6.9	0.7	0.064	-1.4	1.2	0.010
3	21	21	52	62.2	-0.2	0.976	59.6	-4.3	0.526
3	21	21	54	81.2	-4.8	0.095	20.2	-75.1	0.089
3	21	21	55	97.2	0.8	0.265	97.6	0.4	0.646
3	21	21	56	23.6	-1.2	0.151	5.8	-1.2	0.151
3	21	22	51	16.2	0.3	0.307	17.2	0.9	0.001
3	21	22	52	40.2	4.1	0.378	37.6	-6.5	0.568
3	21	22	54	79.9	-2.6	0.296	58.7	-26.6	0.011
3	21	22	55	77.0	1.5	0.587	75.1	-2.4	0.526
3	21	22	56	16.8	-0.2	0.849	9.8	-41.6	0.001
3	21	23	51	20.2	0.6	0.016	21.3	1.1	0.000
3	21	23	52	59.7	-6.9	0.102	55.9	-6.4	0.617
3	21	23	54	89.1	-4.9	0.019	58.5	-34.4	0.000
3	21	23	55	97.0	-0.7	0.243	95.9	-1.2	0.489
3	21	23	56	19.0	-1.2	0.020	12.6	-33.6	0.001
3	21	24	51	22.5	1.1	0.001	23.6	1.1	0.003
3	21	24	52	51.6	-1.1	0.837	48.3	-6.5	0.649
3	21	24	54	76.4	-10.5	0.001	45.3	-40.7	0.001
3	21	24	55	93.3	0.0	0.977	93.9	0.6	0.494
3	21	24	56	8.5	-1.2	0.001	5.1	-40.6	0.001
3	9	20	51	-3.7	0.4	0.409	-2.1	1.6	0.003
3	9	20	52	118.9	-2.6	0.739	137.0	15.3	0.024
3	9	20	54	89.6	-2.5	0.380	89.5	-0.1	0.992
3	9	20	55	98.1	-0.2	0.710	94.7	-3.5	0.022
3	9	20	56	7.9	0.2	0.411	7.7	-2.9	0.763
3	9	21	51	5.2	0.7	0.101	-1.4	1.2	0.010
3	9	21	52	78.2	-1.5	0.822	79.8	2.1	0.807
3	9	21	54	90.8	-1.4	0.502	27.6	-69.6	0.010
3	9	21	55	96.8	-1.2	0.156	97.1	0.3	0.918
3	9	21	56	26.4	-0.7	0.282	8.6	-0.7	0.282
3	9	22	51	15.5	0.0	0.965	16.3	0.7	0.040
3	9	22	52	49.0	6.9	0.131	44.5	-9.1	0.441
3	9	22	54	84.2	-1.3	0.654	76.2	-9.5	0.402
3	9	22	55	82.6	3.7	0.104	82.1	-0.5	0.849
3	9	22	56	18.9	0.8	0.463	16.9	-10.7	0.347
3	9	23	51	18.9	0.5	0.187	20.0	1.0	0.001
3	9	23	52	70.5	-4.3	0.505	72.9	3.5	0.694
3	9	23	54	93.1	-2.2	0.271	99.2	6.5	0.488
3	9	23	55	97.2	-1.2	0.094	97.4	0.2	0.641
3	9	23	56	19.9	-0.7	0.123	21.3	7.0	0.453
3	9	24	51	20.9	1.0	0.005	21.7	0.8	0.032
3	9	24	52	64.7	5.0	0.506	63.4	-1.9	0.868
3	9	24	54	88.9	-7.0	0.023	79.4	-10.8	0.081
3	9	24	55	90.5	-1.1	0.485	90.8	0.4	0.855
3	9	24	56	9.6	-0.9	0.011	8.6	-10.7	0.094
3	4	20	51	-2.5	0.3	0.592	-1.3	1.3	0.009
3	4	20	52	99.8	4.7	0.319	110.6	10.8	0.071
3	4	20	54	92.6	-1.7	0.488	88.8	-4.1	0.626
3	4	20	55	99.3	-0.1	0.454	96.6	-2.8	0.073
3	4	20	56	8.3	0.1	0.524	7.8	-5.6	0.516
3	4	21	51	5.1	0.5	0.191	-1.4	1.2	0.010
3	4	21	52	72.2	10.8	0.072	76.6	6.0	0.485
3	4	21	54	92.7	-0.8	0.657	49.2	-47.0	0.073
3	4	21	55	96.0	-0.6	0.676	95.5	-0.5	0.923
3	4	21	56	26.7	-0.4	0.540	13.4	-0.4	0.540
3	4	22	51	14.4	0.0	0.975	15.0	0.6	0.070
3	4	22	52	62.2	0.6	0.901	59.1	-5.0	0.636
3	4	22	54	92.3	-1.0	0.440	90.5	-2.0	0.849
3	4	22	55	88.6	1.6	0.357	87.3	-1.5	0.485
3	4	22	56	22.0	0.2	0.758	21.1	-4.4	0.677
3	4	23	51	17.1	0.6	0.028	18.1	1.0	0.001
3	4	23	52	81.6	-6.9	0.363	88.0	7.8	0.332
3	4	23	54	97.3	0.8	0.275	173.6	78.4	0.001
3	4	23	55	97.7	0.1	0.938	97.1	-0.6	0.215
3	4	23	56	20.9	0.2	0.401	37.3	78.4	0.001
3	4	24	51	19.0	1.0	0.001	19.4	0.4	0.188
3	4	24	52	104.5	12.9	0.293	126.2	20.7	0.077
3	4	24	54	96.5	-1.2	0.186	111.0	15.1	0.099
3	4	24	55	81.4	-3.1	0.282	76.9	-5.5	0.067
3	4	24	56	9.4	-0.5	0.139	10.2	8.5	0.364
3	2	20	51	-4.7	0.4	0.439	-3.1	1.6	0.005
3	2	20	52	114.1	-0.2	0.977	129.0	13.1	0.035
3	2	20	54	84.6	-2.7	0.429	99.1	17.2	0.172
3	2	20	55	98.6	0.1	0.844	95.3	-3.3	0.041
3	2	20	56	7.5	0.3	0.394	8.5	13.8	0.270
3	2	21	51	4.2	1.1	0.025	-1.4	1.2	0.010
3	2	21	52	77.4	-2.0	0.753	81.7	5.6	0.537
3	2	21	54	93.2	0.1	0.939	63.3	-32.1	0.096
3	2	21	55	96.6	-0.6	0.534	91.6	-5.2	0.151
3	2	21	56	27.0	-0.1	0.862	17.9	-0.1	0.862
3	2	22	51	14.6	0.0	0.935	15.2	0.6	0.122
3	2	22	52	51.4	2.0	0.679	54.5	6.0	0.596
3	2	22	54	90.2	-1.4	0.429	87.6	-2.9	0.780
3	2	22	55	83.9	1.0	0.640	84.9	1.3	0.589
3	2	22	56	20.5	0.2	0.845	21.1	3.1	0.790
3	2	23	51	18.0	0.4	0.268	19.0	1.1	0.001
3	2	23	52	68.8	-13.4	0.038	67.4	-2.0	0.781
3	2	23	54	95.1	-0.5	0.680	135.9	43.0	0.008
3	2	23	55	96.8	-1.6	0.046	97.0	0.2	0.712
3	2	23	56	20.3	-0.4	0.222	29.1	43.6	0.007
3	2	24	51	19.8	1.1	0.003	20.4	0.6	0.073
3	2	24	52	79.7	2.4	0.776	77.8	-2.3	0.807
3	2	24	54	94.1	-4.5	0.062	101.4	7.8	0.224
3	2	24	55	87.2	-0.6	0.753	87.8	0.7	0.767
3	2	24	56	9.8	-0.6	0.072	10.7	8.5	0.238
3	11	20	51	-2.6	0.3	0.497	-1.4	1.2	0.010
3	11	20	52	103.8	-2.2	0.634	114.1	9.9	0.106
3	11	20	54	92.7	-1.9	0.388	87.6	-5.5	0.470
3	11	20	55	99.4	0.2	0.349	96.7	-2.7	0.143
3	11	20	56	8.3	0.2	0.352	7.7	-7.3	0.355
3	11	21	51	5.0	0.6	0.093	-1.4	1.2	0.010
3	11	21	52	80.0	9.5	0.151	79.8	-0.2	0.977
3	11	21	54	93.3	-1.1	0.452	47.6	-49.0	0.071
3	11	21	55	93.1	-2.0	0.319	99.1	6.5	0.256
3	11	21	56	26.1	-0.9	0.231	13.4	-0.9	0.231
3	11	22	51	14.2	0.2	0.553	14.9	0.7	0.030
3	11	22	52	70.2	-3.9	0.507	68.9	-1.9	0.860
3	11	22	54	93.5	-1.0	0.421	83.3	-10.8	0.271
3	11	22	55	90.6	-0.7	0.723	89.9	-0.8	0.695
3	11	22	56	22.9	-0.5	0.470	24.3	6.4	0.568
3	11	23	51	16.9	0.6	0.018	17.9	1.0	0.001
3	11	23	52	85.6	-5.4	0.481	90.0	5.2	0.476
3	11	23	54	97.4	1.3	0.041	185.0	89.9	0.001
3	11	23	55	97.9	-0.8	0.107	97.2	-0.7	0.167
3	11	23	56	21.0	0.1	0.565	39.7	89.4	0.001
3	11	24	51	18.8	1.0	0.000	19.3	0.5	0.099
3	11	24	52	92.5	3.6	0.699	102.3	10.6	0.338
3	11	24	54	97.1	-0.1	0.859	116.5	19.9	0.053
3	11	24	55	84.3	-0.9	0.660	81.5	-3.2	0.325
3	11	24	56	9.8	-0.1	0.622	11.3	15.3	0.162
3	10	20	51	-4.3	0.3	0.530	-2.6	1.7	0.003
3	10	20	52	121.4	-0.8	0.914	141.9	16.8	0.017
3	10	20	54	86.9	-2.1	0.489	97.7	12.5	0.275
3	10	20	55	98.2	-0.4	0.490	94.3	-4.0	0.019
3	10	20	56	7.7	0.2	0.545	8.4	9.5	0.413
3	10	21	51	4.9	0.7	0.132	-1.4	1.2	0.010
3	10	21	52	74.7	5.0	0.436	76.8	2.8	0.762
3	10	21	54	91.5	-0.4	0.824	43.1	-52.9	0.022
3	10	21	55	97.0	-1.1	0.110	98.1	1.1	0.668
3	10	21	56	26.6	-0.4	0.534	13.2	-0.4	0.534
3	10	22	51	15.4	0.1	0.898	16.1	0.7	0.047
3	10	22	52	51.2	2.8	0.577	43.0	-15.9	0.134
3	10	22	54	85.0	-1.0	0.706	91.1	7.2	0.515
3	10	22	55	83.5	1.7	0.434	80.4	-3.7	0.211
3	10	22	56	19.3	0.2	0.849	17.2	-11.3	0.337
3	10	23	51	19.0	0.4	0.306	20.1	1.0	0.003
3	10	23	52	68.4	-1.3	0.844	71.3	4.1	0.684
3	10	23	54	91.9	-2.2	0.346	96.6	5.1	0.602
3	10	23	55	96.6	-0.3	0.762	95.5	-1.2	0.153
3	10	23	56	19.6	-0.5	0.361	20.4	4.3	0.654
3	10	24	51	21.0	1.0	0.009	21.9	0.9	0.026
3	10	24	52	62.5	1.2	0.850	68.3	9.4	0.558
3	10	24	54	88.1	-7.5	0.023	75.5	-14.3	0.051
3	10	24	55	91.1	-0.3	0.837	89.7	-1.5	0.534
3	10	24	56	9.6	-0.9	0.024	8.1	-15.9	0.031
3	24	20	51	-0.8	0.3	0.464	0.6	1.4	0.001
3	24	20	52	95.2	8.3	0.294	111.0	16.6	0.049
3	24	20	54	95.0	-0.2	0.878	48.1	-49.3	0.001
3	24	20	55	98.1	-1.2	0.047	96.2	-2.0	0.020
3	24	20	56	8.4	-0.1	0.399	4.2	-50.3	0.001
3	24	21	51	6.5	0.8	0.043	-1.4	1.2	0.010
3	24	21	52	62.0	0.6	0.927	67.9	9.5	0.274
3	24	21	54	83.7	-4.3	0.087	16.7	-80.1	0.020
3	24	21	55	97.6	-0.5	0.248	97.1	-0.5	0.499
3	24	21	56	24.5	-1.4	0.072	4.8	-1.4	0.072
3	24	22	51	16.1	0.3	0.301	16.9	0.8	0.005
3	24	22	52	37.1	1.8	0.702	36.3	-2.3	0.840
3	24	22	54	80.6	-3.0	0.242	72.3	-10.2	0.167
3	24	22	55	74.5	-0.2	0.951	73.4	-1.4	0.732
3	24	22	56	16.5	-0.5	0.646	11.3	-31.5	0.006
3	24	23	51	20.6	0.7	0.027	21.6	1.0	0.000
3	24	23	52	46.9	3.2	0.400	54.4	15.9	0.330
3	24	23	54	85.3	-6.1	0.024	63.7	-25.4	0.003
3	24	23	55	94.2	1.7	0.189	94.9	0.7	0.795
3	24	23	56	17.7	-1.0	0.120	13.6	-23.0	0.016
3	24	24	51	23.2	0.9	0.007	24.1	0.8	0.016
3	24	24	52	43.4	-0.2	0.975	48.1	10.9	0.622
3	24	24	54	68.8	-9.9	0.009	43.7	-36.4	0.009
3	24	24	55	94.6	0.0	0.975	94.2	-0.4	0.673
3	24	24	56	7.8	-1.1	0.006	4.9	-36.4	0.008
3	8	20	51	-3.0	0.3	0.497	-1.7	1.2	0.007
3	8	20	52	104.9	-2.4	0.613	112.4	7.2	0.254
3	8	20	54	92.1	-1.9	0.435	88.0	-4.4	0.564
3	8	20	55	99.3	0.0	0.974	97.8	-1.5	0.281
3	8	20	56	8.2	0.2	0.436	7.8	-5.4	0.490
3	8	21	51	5.0	0.6	0.096	-1.4	1.2	0.010
3	8	21	52	77.7	6.9	0.237	80.8	3.9	0.649
3	8	21	54	93.2	-1.1	0.467	42.0	-54.9	0.047
3	8	21	55	94.7	-0.6	0.716	92.3	-2.6	0.613
3	8	21	56	26.5	-0.5	0.436	12.0	-0.5	0.436
3	8	22	51	14.5	0.2	0.641	15.2	0.7	0.034
3	8	22	52	61.9	-5.6	0.409	57.7	-6.8	0.488
3	8	22	54	91.8	-1.5	0.366	80.2	-12.5	0.251
3	8	22	55	86.6	0.0	0.999	85.4	-1.4	0.502
3	8	22	56	21.6	-0.4	0.685	21.4	-0.9	0.937
3	8	23	51	17.2	0.6	0.028	18.3	1.0	0.001
3	8	23	52	93.3	-7.3	0.438	104.2	11.7	0.147
3	8	23	54	97.7	0.6	0.310	159.8	63.6	0.002
3	8	23	55	97.3	-0.4	0.548	96.6	-0.7	0.124
3	8	23	56	20.9	0.0	0.856	34.1	63.1	0.002
3	8	24	51	19.1	1.1	0.000	19.7	0.6	0.074
3	8	24	52	103.0	3.5	0.756	104.7	1.7	0.884
3	8	24	54	96.5	-1.4	0.079	110.1	14.1	0.086
3	8	24	55	81.9	-0.9	0.734	81.6	-0.3	0.922
3	8	24	56	9.5	-0.2	0.397	10.7	13.4	0.133
3	12	20	51	-3.1	0.4	0.412	-1.7	1.4	0.003
3	12	20	52	104.7	0.7	0.932	118.4	13.0	0.060
3	12	20	54	91.9	-2.2	0.403	85.3	-7.2	0.393
3	12	20	55	98.4	-1.2	0.034	95.6	-2.8	0.070
3	12	20	56	8.1	0.1	0.701	7.4	-9.6	0.261
3	12	21	51	5.3	0.7	0.088	-1.4	1.2	0.010
3	12	21	52	72.8	-0.4	0.948	73.5	1.0	0.911
3	12	21	54	91.0	-1.4	0.472	27.4	-69.9	0.007
3	12	21	55	97.2	-0.3	0.610	95.9	-1.3	0.666
3	12	21	56	26.5	-0.5	0.428	8.2	-0.5	0.428
3	12	22	51	15.6	0.1	0.653	16.4	0.8	0.015
3	12	22	52	49.1	1.9	0.633	47.9	-2.4	0.826
3	12	22	54	85.3	-1.8	0.455	70.2	-17.7	0.144
3	12	22	55	83.1	1.9	0.427	83.5	0.6	0.841
3	12	22	56	19.3	0.2	0.879	17.6	-8.5	0.422
3	12	23	51	18.6	0.6	0.084	19.6	1.1	0.000
3	12	23	52	77.2	-10.4	0.108	74.0	-4.2	0.646
3	12	23	54	95.2	-2.1	0.179	106.8	12.2	0.180
3	12	23	55	97.9	-0.8	0.103	98.5	0.6	0.335
3	12	23	56	20.5	-0.6	0.090	23.1	12.8	0.161
3	12	24	51	20.5	1.1	0.001	21.3	0.8	0.021
3	12	24	52	70.0	-3.1	0.660	65.2	-6.9	0.537
3	12	24	54	91.7	-5.8	0.008	82.9	-9.6	0.092
3	12	24	55	89.4	0.7	0.633	90.7	1.4	0.487
3	12	24	56	9.8	-0.6	0.042	9.0	-8.3	0.174
3	20	20	51	-2.0	0.4	0.425	-0.9	1.2	0.009
3	20	20	52	90.6	3.6	0.580	94.3	4.1	0.564
3	20	20	54	93.9	-1.1	0.516	84.6	-9.9	0.205
3	20	20	55	98.5	-0.3	0.464	97.8	-0.7	0.533
3	20	20	56	8.3	0.1	0.624	7.5	-10.1	0.204
3	20	21	51	5.9	0.7	0.062	-1.4	1.2	0.010
3	20	21	52	80.4	6.9	0.368	84.8	5.6	0.523
3	20	21	54	88.3	-3.0	0.218	38.3	-56.6	0.122
3	20	21	55	90.6	-1.3	0.598	89.0	-1.8	0.684
3	20	21	56	23.9	-1.1	0.174	10.8	-1.1	0.174
3	20	22	51	14.9	0.6	0.064	15.8	0.8	0.014
3	20	22	52	74.6	-7.3	0.418	71.0	-4.8	0.664
3	20	22	54	89.5	-2.9	0.266	52.0	-41.9	0.000
3	20	22	55	88.4	-0.4	0.881	88.4	0.0	0.996
3	20	22	56	21.5	-0.7	0.474	19.0	-12.0	0.261
3	20	23	51	18.0	0.9	0.000	19.1	1.1	0.001
3	20	23	52	89.5	5.8	0.536	100.8	12.7	0.185
3	20	23	54	98.2	-0.6	0.273	120.2	22.3	0.065
3	20	23	55	96.8	-1.0	0.180	96.6	-0.2	0.682
3	20	23	56	20.9	-0.3	0.103	25.6	22.3	0.064
3	20	24	51	19.9	1.1	0.000	20.6	0.8	0.050
3	20	24	52	96.1	12.2	0.368	90.8	-5.5	0.695
3	20	24	54	95.2	-3.3	0.002	97.0	1.9	0.785
3	20	24	55	83.2	-2.8	0.370	84.6	1.7	0.634
3	20	24	56	9.5	-0.7	0.053	9.8	3.7	0.639
3	1	20	51	-4.1	0.4	0.402	-2.6	1.5	0.005
3	1	20	52	123.7	3.8	0.607	139.3	12.6	0.043
3	1	20	54	87.5	-2.9	0.366	95.6	9.3	0.370
3	1	20	55	98.0	-0.9	0.108	95.0	-3.1	0.065
3	1	20	56	7.7	0.2	0.493	8.2	6.6	0.529
3	1	21	51	4.4	0.7	0.087	-1.4	1.2	0.010
3	1	21	52	79.8	-1.8	0.784	86.1	7.8	0.417
3	1	21	54	94.6	-0.2	0.856	55.5	-41.3	0.041
3	1	21	55	95.7	-0.7	0.583	89.4	-6.7	0.150
3	1	21	56	27.2	-0.3	0.606	15.8	-0.3	0.606
3	1	22	51	14.6	0.0	0.984	15.1	0.5	0.132
3	1	22	52	55.2	5.8	0.229	59.6	8.1	0.471
3	1	22	54	90.8	-1.5	0.351	90.9	0.1	0.989
3	1	22	55	85.3	4.2	0.070	87.6	2.6	0.189
3	1	22	56	20.9	0.8	0.362	21.1	0.5	0.963
3	1	23	51	17.8	0.5	0.219	18.9	1.1	0.001
3	1	23	52	76.2	-15.0	0.034	76.6	0.6	0.942
3	1	23	54	95.9	-0.6	0.636	135.0	40.9	0.008
3	1	23	55	97.1	-2.2	0.014	96.4	-0.7	0.253
3	1	23	56	20.5	-0.6	0.074	28.6	39.9	0.009
3	1	24	51	19.7	1.1	0.001	20.3	0.6	0.088
3	1	24	52	80.2	-2.6	0.723	76.9	-4.2	0.645
3	1	24	54	94.2	-4.5	0.053	101.2	7.4	0.251
3	1	24	55	87.2	0.6	0.692	88.2	1.2	0.622
3	1	24	56	9.9	-0.4	0.168	10.6	8.0	0.268
2	26	8	51	-1.2	0.5	0.289	0.1	1.3	0.001
2	26	8	52	159.2	10.7	0.104	156.6	-1.7	0.124
2	26	8	54	91.1	1.6	0.551	54.3	-40.4	0.001
2	26	8	55	98.8	0.1	0.857	97.2	-1.7	0.124
2	26	8	56	13.5	0.2	0.546	8.0	-41.1	0.001
2	26	9	51	12.0	0.4	0.099	-1.4	1.2	0.010
2	26	9	52	96.8	-1.4	0.728	96.5	-0.4	0.665
2	26	9	54	92.8	-0.8	0.601	69.0	-25.7	0.004
2	26	9	55	99.3	-0.6	0.017	98.9	-0.4	0.665
2	26	9	56	24.0	-0.3	0.403	17.7	-0.3	0.403
2	26	10	51	19.6	0.8	0.002	20.5	0.9	0.000
2	26	10	52	146.8	-2.7	0.682	147.0	0.1	0.911
2	26	10	54	86.5	-8.1	0.006	73.2	-15.4	0.099
2	26	10	55	97.9	-0.1	0.863	98.0	0.1	0.911
2	26	10	56	32.2	-3.1	0.007	27.4	-14.9	0.114
2	26	11	51	19.9	0.9	0.001	21.2	1.2	0.003
2	26	11	52	56.0	0.9	0.819	55.9	-0.2	0.856
2	26	11	54	82.4	-10.9	0.002	75.3	-8.7	0.257
2	26	11	55	97.8	-1.1	0.052	97.7	-0.2	0.856
2	26	11	56	11.3	-1.6	0.001	10.4	-8.4	0.290
2	26	12	51	14.7	0.2	0.454	16.0	1.4	0.000
2	26	12	52	54.9	7.0	0.205	53.0	-3.6	0.156
2	26	12	54	73.0	3.9	0.338	171.7	135.2	0.000
2	26	12	55	85.2	-2.9	0.206	82.1	-3.6	0.156
2	26	12	56	4.3	-0.4	0.104	9.8	129.6	0.001
2	25	8	51	2.2	0.4	0.146	3.3	1.1	0.000
2	25	8	52	177.2	10.9	0.259	196.9	11.1	0.092
2	25	8	54	64.0	-5.9	0.156	38.1	-40.4	0.001
2	25	8	55	98.3	-0.2	0.618	96.7	-1.6	0.128
2	25	8	56	9.4	-0.9	0.149	1.5	-84.1	0.011
2	25	9	51	12.2	0.3	0.135	-1.4	1.2	0.010
2	25	9	52	68.1	-5.9	0.219	66.4	-2.5	0.764
2	25	9	54	92.0	-1.2	0.455	68.4	-25.7	0.004
2	25	9	55	95.8	-1.9	0.039	95.6	-0.3	0.812
2	25	9	56	22.9	-0.8	0.138	14.7	-0.8	0.138
2	25	10	51	21.1	0.8	0.001	22.1	1.0	0.000
2	25	10	52	90.0	-5.4	0.479	99.6	10.7	0.327
2	25	10	54	67.3	-12.4	0.002	57.0	-15.4	0.099
2	25	10	55	88.3	-1.0	0.621	91.4	3.6	0.252
2	25	10	56	22.7	-4.5	0.003	11.4	-49.7	0.000
2	25	11	51	22.3	1.1	0.000	23.5	1.3	0.002
2	25	11	52	46.2	0.1	0.993	40.7	-11.7	0.615
2	25	11	54	50.5	-14.8	0.001	46.1	-8.7	0.257
2	25	11	55	90.6	-3.8	0.052	87.2	-3.7	0.390
2	25	11	56	6.5	-2.1	0.000	3.5	-45.7	0.011
2	25	12	51	17.3	0.5	0.117	18.8	1.5	0.000
2	25	12	52	42.1	4.6	0.467	50.3	19.5	0.285
2	25	12	54	35.8	2.0	0.476	84.2	135.2	0.000
2	25	12	55	89.8	-1.2	0.646	87.4	-2.7	0.229
2	25	12	56	2.2	-0.4	0.095	2.3	5.6	0.518
2	14	8	51	-1.7	0.4	0.428	-0.5	1.2	0.003
2	14	8	52	129.4	6.7	0.103	137.9	6.5	0.354
2	14	8	54	89.0	3.0	0.378	74.4	-16.4	0.082
2	14	8	55	96.6	0.6	0.408	95.4	-1.2	0.490
2	14	8	56	12.9	0.5	0.317	10.0	-22.4	0.042
2	14	9	51	11.8	0.4	0.071	-1.4	1.2	0.010
2	14	9	52	103.2	-8.1	0.253	102.5	-0.7	0.925
2	14	9	54	93.2	-1.1	0.455	116.9	25.5	0.008
2	14	9	55	97.7	-0.7	0.248	96.7	-1.0	0.561
2	14	9	56	23.7	-0.5	0.295	18.9	-0.5	0.295
2	14	10	51	18.7	0.9	0.000	19.6	0.9	0.001
2	14	10	52	179.8	-8.5	0.467	184.8	2.8	0.723
2	14	10	54	93.0	-5.4	0.011	190.3	104.7	0.017
2	14	10	55	97.3	0.5	0.484	97.8	0.5	0.586
2	14	10	56	34.4	-1.8	0.030	42.1	22.4	0.061
2	14	11	51	18.9	0.9	0.003	20.1	1.2	0.002
2	14	11	52	66.3	4.4	0.620	63.1	-4.8	0.686
2	14	11	54	91.0	-6.1	0.048	153.5	68.7	0.001
2	14	11	55	94.2	-0.8	0.453	94.3	0.1	0.946
2	14	11	56	12.0	-0.9	0.042	14.4	20.0	0.027
2	14	12	51	13.8	0.1	0.832	15.2	1.4	0.001
2	14	12	52	58.6	5.2	0.546	60.2	2.7	0.843
2	14	12	54	83.6	1.3	0.757	371.7	344.5	0.029
2	14	12	55	82.7	-2.4	0.520	82.5	-0.2	0.975
2	14	12	56	4.8	-0.2	0.430	13.7	189.1	0.023
2	3	8	51	-1.3	0.3	0.496	-0.1	1.2	0.007
2	3	8	52	145.6	14.4	0.034	160.1	10.0	0.074
2	3	8	54	88.8	1.5	0.619	69.1	-22.2	0.062
2	3	8	55	97.7	1.0	0.068	95.4	-2.3	0.037
2	3	8	56	13.0	0.4	0.450	9.7	-25.2	0.038
2	3	9	51	11.3	0.3	0.149	-1.4	1.2	0.010
2	3	9	52	103.9	8.8	0.074	107.7	3.6	0.599
2	3	9	54	95.8	0.3	0.798	83.8	-12.5	0.115
2	3	9	55	98.8	-0.3	0.525	97.7	-1.2	0.610
2	3	9	56	24.6	0.0	0.994	21.5	0.0	0.994
2	3	10	51	18.0	0.8	0.001	18.7	0.7	0.004
2	3	10	52	172.2	11.1	0.336	202.2	17.4	0.022
2	3	10	54	96.3	-0.9	0.460	135.4	40.5	0.013
2	3	10	55	96.9	0.1	0.937	93.4	-3.6	0.004
2	3	10	56	35.5	-0.3	0.601	52.7	48.5	0.009
2	3	11	51	18.1	0.6	0.019	19.2	1.1	0.001
2	3	11	52	63.0	18.0	0.024	59.8	-5.0	0.568
2	3	11	54	96.0	-0.8	0.617	128.2	33.6	0.005
2	3	11	55	95.4	-0.7	0.705	96.5	1.1	0.368
2	3	11	56	12.8	-0.2	0.527	17.8	38.4	0.003
2	3	12	51	13.1	0.1	0.843	14.1	1.0	0.002
2	3	12	52	60.3	1.6	0.823	76.5	26.7	0.038
2	3	12	54	89.5	-2.1	0.510	242.8	171.3	0.023
2	3	12	55	82.5	-1.2	0.718	74.3	-10.0	0.046
2	3	12	56	5.1	0.0	0.824	10.8	110.4	0.097
2	17	8	51	-1.3	0.5	0.327	0.3	1.5	0.000
2	17	8	52	149.8	13.1	0.120	172.6	15.2	0.034
2	17	8	54	90.1	2.7	0.365	69.4	-23.0	0.037
2	17	8	55	97.7	0.2	0.754	96.6	-1.1	0.208
2	17	8	56	13.2	0.4	0.343	7.4	-43.8	0.001
2	17	9	51	11.3	0.3	0.253	-1.4	1.2	0.010
2	17	9	52	84.6	1.5	0.794	78.2	-7.6	0.369
2	17	9	54	84.1	-1.2	0.683	57.3	-31.8	0.019
2	17	9	55	97.7	-1.0	0.088	97.6	-0.1	0.888
2	17	9	56	21.4	-0.5	0.516	13.3	-0.5	0.516
2	17	10	51	18.0	0.7	0.028	19.0	1.0	0.001
2	17	10	52	119.9	-0.2	0.983	128.2	6.9	0.487
2	17	10	54	71.3	-9.9	0.037	39.5	-44.6	0.006
2	17	10	55	94.6	0.2	0.816	94.8	0.2	0.912
2	17	10	56	25.7	-3.5	0.055	13.7	-46.6	0.003
2	17	11	51	18.1	1.0	0.005	19.3	1.2	0.022
2	17	11	52	42.7	0.3	0.961	40.0	-6.4	0.719
2	17	11	54	67.0	-13.0	0.007	55.2	-17.7	0.255
2	17	11	55	91.7	-1.0	0.657	90.7	-1.0	0.730
2	17	11	56	8.7	-1.8	0.011	6.7	-22.9	0.112
2	17	12	51	13.1	0.3	0.358	14.6	1.5	0.001
2	17	12	52	42.6	10.1	0.153	45.6	7.0	0.644
2	17	12	54	61.1	5.1	0.210	117.6	92.5	0.002
2	17	12	55	88.8	-3.6	0.183	88.3	-0.6	0.787
2	17	12	56	3.7	-0.5	0.098	6.8	82.1	0.001
2	18	8	51	-2.4	0.5	0.272	-0.7	1.7	0.000
2	18	8	52	179.1	15.8	0.144	203.1	13.5	0.077
2	18	8	54	90.3	2.6	0.352	56.0	-38.0	0.009
2	18	8	55	97.9	-1.0	0.086	97.3	-0.6	0.644
2	18	8	56	13.2	0.2	0.556	10.2	-23.1	0.037
2	18	9	51	12.4	0.2	0.316	-1.4	1.2	0.010
2	18	9	52	88.3	0.2	0.972	88.8	0.6	0.951
2	18	9	54	88.5	-0.5	0.829	69.6	-21.3	0.010
2	18	9	55	97.6	-1.1	0.103	97.1	-0.5	0.588
2	18	9	56	22.5	-0.4	0.583	15.3	-0.4	0.583
2	18	10	51	20.8	0.7	0.028	21.8	1.0	0.003
2	18	10	52	121.3	-6.3	0.564	128.7	6.1	0.586
2	18	10	54	71.0	-10.5	0.033	98.3	38.5	0.014
2	18	10	55	92.9	-0.6	0.703	92.4	-0.5	0.825
2	18	10	56	25.4	-3.8	0.056	14.3	-43.8	0.009
2	18	11	51	21.2	1.1	0.002	22.3	1.2	0.044
2	18	11	52	38.1	-2.1	0.657	46.0	21.0	0.367
2	18	11	54	66.4	-14.8	0.003	80.0	20.5	0.026
2	18	11	55	91.7	-1.9	0.333	91.2	-0.5	0.876
2	18	11	56	8.7	-2.0	0.005	7.4	-14.8	0.366
2	18	12	51	15.4	0.5	0.145	16.9	1.5	0.003
2	18	12	52	44.2	6.5	0.328	48.5	9.6	0.608
2	18	12	54	61.9	7.9	0.079	130.7	111.0	0.048
2	18	12	55	88.5	-2.3	0.375	87.6	-1.0	0.744
2	18	12	56	3.8	-0.6	0.038	7.1	88.4	0.004
2	5	8	51	-1.9	0.5	0.353	-0.6	1.3	0.004
2	5	8	52	144.7	7.0	0.283	158.6	9.6	0.124
2	5	8	54	89.1	3.2	0.367	75.8	-14.8	0.208
2	5	8	55	98.0	0.4	0.437	95.9	-2.1	0.195
2	5	8	56	13.1	0.5	0.343	11.2	-14.4	0.204
2	5	9	51	11.4	0.3	0.178	-1.4	1.2	0.010
2	5	9	52	101.1	4.8	0.458	95.1	-6.0	0.405
2	5	9	54	95.0	0.3	0.796	75.1	-21.0	0.042
2	5	9	55	98.3	-0.2	0.660	98.5	0.2	0.941
2	5	9	56	24.3	0.0	0.973	21.1	0.0	0.973
2	5	10	51	18.2	0.8	0.001	18.9	0.8	0.003
2	5	10	52	180.8	-19.2	0.148	189.7	5.0	0.544
2	5	10	54	95.2	-2.4	0.167	98.4	3.4	0.731
2	5	10	55	96.7	0.5	0.482	94.9	-1.8	0.194
2	5	10	56	35.0	-0.7	0.283	47.0	34.4	0.017
2	5	11	51	18.1	0.7	0.007	19.3	1.1	0.001
2	5	11	52	64.0	3.0	0.670	56.3	-11.9	0.293
2	5	11	54	94.9	-2.6	0.218	109.4	15.3	0.055
2	5	11	55	95.9	0.3	0.751	97.0	1.2	0.674
2	5	11	56	12.7	-0.3	0.314	16.7	31.2	0.011
2	5	12	51	13.0	0.2	0.562	14.2	1.2	0.001
2	5	12	52	58.9	-0.1	0.983	69.5	18.1	0.094
2	5	12	54	90.2	-0.2	0.957	265.3	194.1	0.008
2	5	12	55	83.4	-0.5	0.836	77.5	-7.0	0.116
2	5	12	56	5.2	-0.1	0.623	14.8	182.4	0.043
2	19	8	51	0.3	0.4	0.257	1.2	1.0	0.005
2	19	8	52	257.7	10.9	0.452	286.5	11.2	0.081
2	19	8	54	85.2	-2.5	0.471	58.0	-31.9	0.011
2	19	8	55	91.6	-1.0	0.639	84.7	-7.6	0.207
2	19	8	56	11.8	-0.5	0.433	7.0	-40.2	0.013
2	19	9	51	13.1	0.4	0.056	-1.4	1.2	0.010
2	19	9	52	139.5	-0.5	0.960	144.0	3.2	0.600
2	19	9	54	80.8	-5.8	0.047	57.6	-28.8	0.005
2	19	9	55	93.6	-1.0	0.609	91.0	-2.8	0.443
2	19	9	56	19.7	-1.8	0.038	15.1	-1.8	0.038
2	19	10	51	19.4	0.8	0.000	20.3	0.9	0.003
2	19	10	52	177.9	7.1	0.612	188.1	5.8	0.475
2	19	10	54	88.8	-6.6	0.002	92.4	4.1	0.724
2	19	10	55	96.1	-1.1	0.371	95.5	-0.6	0.642
2	19	10	56	32.4	-2.8	0.002	44.6	37.5	0.019
2	19	11	51	19.8	0.7	0.005	21.1	1.3	0.001
2	19	11	52	78.7	9.4	0.274	71.6	-9.0	0.351
2	19	11	54	84.3	-7.3	0.028	93.1	10.5	0.216
2	19	11	55	94.9	-3.3	0.121	94.5	-0.4	0.759
2	19	11	56	11.2	-1.4	0.006	13.4	19.6	0.038
2	19	12	51	14.9	-0.1	0.699	15.9	1.1	0.006
2	19	12	52	75.9	7.5	0.332	97.5	28.4	0.059
2	19	12	54	70.2	1.5	0.735	185.1	163.5	0.004
2	19	12	55	75.5	-3.3	0.332	66.7	-11.7	0.089
2	19	12	56	3.6	-0.2	0.502	6.7	85.0	0.147
2	22	8	51	-0.9	0.4	0.327	0.6	1.5	0.000
2	22	8	52	159.6	10.1	0.301	181.3	13.6	0.079
2	22	8	54	91.0	1.3	0.565	33.5	-63.1	0.001
2	22	8	55	97.7	0.2	0.699	97.5	-0.3	0.726
2	22	8	56	13.3	0.2	0.526	5.0	-62.5	0.000
2	22	9	51	12.9	0.3	0.225	-1.4	1.2	0.010
2	22	9	52	80.9	1.3	0.837	81.5	0.8	0.934
2	22	9	54	83.8	-1.6	0.542	46.2	-44.9	0.001
2	22	9	55	96.7	-1.3	0.147	95.7	-1.0	0.384
2	22	9	56	21.1	-0.7	0.376	12.5	-0.7	0.376
2	22	10	51	21.5	0.7	0.019	22.4	0.9	0.002
2	22	10	52	110.9	-10.3	0.352	123.9	11.7	0.346
2	22	10	54	61.7	-10.5	0.023	26.8	-56.6	0.000
2	22	10	55	91.1	-1.5	0.392	93.1	2.2	0.469
2	22	10	56	21.6	-3.8	0.034	9.4	-56.4	0.004
2	22	11	51	22.0	1.0	0.001	23.2	1.2	0.016
2	22	11	52	37.2	1.1	0.888	32.9	-11.6	0.587
2	22	11	54	54.2	-14.0	0.002	32.2	-40.5	0.005
2	22	11	55	86.5	-3.7	0.213	84.2	-2.7	0.483
2	22	11	56	6.8	-1.9	0.003	4.3	-35.9	0.058
2	22	12	51	16.4	0.5	0.156	17.8	1.4	0.001
2	22	12	52	39.0	7.2	0.329	44.7	14.6	0.454
2	22	12	54	47.8	4.8	0.208	72.8	52.3	0.001
2	22	12	55	90.3	-2.4	0.425	89.4	-1.0	0.645
2	22	12	56	3.0	-0.5	0.076	3.9	30.1	0.035
2	15	8	51	-1.9	0.3	0.518	-0.9	1.1	0.007
2	15	8	52	187.8	25.5	0.003	203.3	8.2	0.155
2	15	8	54	90.6	2.0	0.457	59.0	-34.9	0.003
2	15	8	55	98.4	-0.4	0.297	95.8	-2.7	0.428
2	15	8	56	13.4	0.2	0.544	11.3	-15.7	0.127
2	15	9	51	9.5	0.5	0.060	-1.4	1.2	0.010
2	15	9	52	175.1	1.2	0.901	173.6	-0.9	0.893
2	15	9	54	93.3	3.5	0.027	60.9	-34.7	0.008
2	15	9	55	87.8	-1.0	0.694	86.6	-1.4	0.811
2	15	9	56	21.3	0.6	0.413	25.9	0.6	0.413
2	15	10	51	16.1	0.7	0.000	16.9	0.8	0.004
2	15	10	52	267.0	29.0	0.139	275.5	3.2	0.700
2	15	10	54	91.4	5.2	0.000	62.5	-31.6	0.002
2	15	10	55	0.0	0.0	0.000	0.0	-3.7	0.305
2	15	10	56	0.0	0.0	0.000	0.0	102.5	0.021
2	15	11	51	16.6	0.7	0.004	17.9	1.3	0.000
2	15	11	52	99.7	8.2	0.357	83.6	-16.1	0.144
2	15	11	54	93.3	4.1	0.003	82.0	-12.1	0.202
2	15	11	55	94.5	-2.8	0.170	98.4	4.1	0.146
2	15	11	56	12.3	0.2	0.549	21.0	70.6	0.001
2	15	12	51	12.0	-0.3	0.406	13.3	1.2	0.002
2	15	12	52	84.3	9.4	0.265	92.6	9.8	0.409
2	15	12	54	93.8	0.4	0.877	231.2	146.4	0.001
2	15	12	55	71.7	-4.6	0.240	67.7	-5.6	0.447
2	15	12	56	4.7	-0.2	0.391	20.9	345.3	0.052
2	6	8	51	-2.1	0.5	0.341	-0.7	1.4	0.003
2	6	8	52	138.5	7.0	0.290	154.2	11.4	0.082
2	6	8	54	88.7	3.5	0.330	59.0	-33.5	0.014
2	6	8	55	97.5	-0.1	0.921	95.8	-1.7	0.210
2	6	8	56	13.0	0.5	0.344	10.9	-16.2	0.169
2	6	9	51	12.0	0.4	0.127	-1.4	1.2	0.010
2	6	9	52	97.7	-0.6	0.917	98.6	0.9	0.913
2	6	9	54	91.6	-1.0	0.592	79.0	-13.7	0.076
2	6	9	55	98.1	-0.5	0.333	96.2	-2.0	0.366
2	6	9	56	23.4	-0.4	0.444	17.9	-0.4	0.444
2	6	10	51	19.2	0.8	0.004	20.0	0.8	0.001
2	6	10	52	159.8	-12.8	0.105	157.5	-1.5	0.830
2	6	10	54	89.2	-6.7	0.024	137.2	53.8	0.003
2	6	10	55	98.2	-0.7	0.164	98.0	-0.2	0.781
2	6	10	56	33.3	-2.7	0.015	34.4	3.4	0.731
2	6	11	51	19.2	0.9	0.005	20.3	1.1	0.004
2	6	11	52	59.2	0.9	0.869	56.1	-5.2	0.635
2	6	11	54	89.1	-8.0	0.023	122.3	37.2	0.001
2	6	11	55	96.6	-1.1	0.293	97.4	0.8	0.622
2	6	11	56	12.1	-1.2	0.019	14.0	15.9	0.047
2	6	12	51	13.8	0.2	0.487	15.1	1.3	0.001
2	6	12	52	55.7	5.1	0.508	64.8	16.4	0.218
2	6	12	54	83.1	2.7	0.476	214.7	158.3	0.021
2	6	12	55	84.2	-2.4	0.454	80.0	-5.0	0.286
2	6	12	56	4.8	-0.3	0.135	13.3	177.6	0.021
2	16	8	51	-1.9	0.5	0.303	-0.5	1.4	0.001
2	16	8	52	131.1	10.8	0.209	145.9	11.3	0.096
2	16	8	54	89.4	2.8	0.422	50.9	-43.1	0.001
2	16	8	55	96.1	0.0	0.963	95.2	-0.9	0.425
2	16	8	56	12.9	0.4	0.440	8.3	-35.3	0.003
2	16	9	51	12.4	0.4	0.121	-1.4	1.2	0.010
2	16	9	52	83.5	-2.8	0.643	73.4	-12.1	0.093
2	16	9	54	88.7	-1.5	0.503	55.0	-38.0	0.008
2	16	9	55	97.2	-1.0	0.277	98.5	1.4	0.178
2	16	9	56	22.5	-0.6	0.379	14.8	-0.6	0.379
2	16	10	51	20.0	0.8	0.006	21.0	1.0	0.000
2	16	10	52	144.8	-3.8	0.695	137.8	-4.8	0.495
2	16	10	54	80.9	-9.2	0.014	42.3	-47.7	0.001
2	16	10	55	96.5	0.3	0.727	95.9	-0.6	0.632
2	16	10	56	29.7	-3.2	0.024	20.3	-31.8	0.003
2	16	11	51	20.4	0.9	0.005	21.7	1.3	0.005
2	16	11	52	52.1	-1.0	0.875	53.0	1.6	0.925
2	16	11	54	76.5	-11.3	0.009	57.9	-24.3	0.074
2	16	11	55	94.6	-1.2	0.406	94.0	-0.6	0.732
2	16	11	56	10.2	-1.7	0.007	9.0	-11.9	0.230
2	16	12	51	14.9	0.1	0.684	16.4	1.5	0.001
2	16	12	52	52.9	15.5	0.043	60.5	14.4	0.337
2	16	12	54	69.9	2.6	0.491	126.2	80.6	0.001
2	16	12	55	84.6	-6.3	0.039	82.7	-2.3	0.429
2	16	12	56	4.1	-0.5	0.079	10.0	146.7	0.001
2	13	8	51	-2.9	0.4	0.435	-1.2	1.8	0.000
2	13	8	52	159.2	5.8	0.479	179.3	12.6	0.105
2	13	8	54	86.1	2.8	0.479	65.1	-24.4	0.044
2	13	8	55	98.4	-0.1	0.750	97.9	-0.4	0.778
2	13	8	56	12.7	0.4	0.485	13.4	5.9	0.612
2	13	9	51	12.4	0.1	0.604	-1.4	1.2	0.010
2	13	9	52	86.5	-3.5	0.615	82.4	-4.8	0.561
2	13	9	54	88.5	1.1	0.672	78.8	-11.0	0.124
2	13	9	55	97.2	-0.7	0.308	98.0	0.8	0.550
2	13	9	56	22.4	0.1	0.867	16.4	0.1	0.867
2	13	10	51	20.6	0.6	0.067	21.7	1.0	0.001
2	13	10	52	122.9	-0.9	0.921	127.2	3.5	0.747
2	13	10	54	72.9	-8.3	0.082	111.7	53.1	0.005
2	13	10	55	94.1	-0.4	0.742	92.7	-1.5	0.367
2	13	10	56	26.3	-2.9	0.114	15.5	-41.3	0.005
2	13	11	51	20.6	0.9	0.008	21.8	1.1	0.042
2	13	11	52	38.0	-5.1	0.216	41.7	9.6	0.553
2	13	11	54	73.6	-12.2	0.012	101.2	37.5	0.003
2	13	11	55	92.6	-1.6	0.408	90.2	-2.6	0.326
2	13	11	56	9.7	-1.7	0.017	8.8	-8.8	0.473
2	13	12	51	14.7	0.4	0.246	16.2	1.5	0.002
2	13	12	52	48.7	9.2	0.211	44.1	-9.5	0.592
2	13	12	54	70.7	6.2	0.137	170.0	140.3	0.036
2	13	12	55	86.4	-3.4	0.233	74.3	-14.0	0.053
2	13	12	56	4.2	-0.5	0.029	8.7	107.7	0.023
2	7	8	51	-0.9	0.4	0.434	0.2	1.1	0.005
2	7	8	52	159.8	18.5	0.024	175.7	10.0	0.091
2	7	8	54	88.6	1.0	0.740	67.0	-24.4	0.027
2	7	8	55	98.3	0.3	0.382	96.4	-1.9	0.152
2	7	8	56	13.1	0.2	0.670	8.6	-34.0	0.014
2	7	9	51	11.3	0.4	0.080	-1.4	1.2	0.010
2	7	9	52	128.1	11.9	0.099	129.8	1.4	0.828
2	7	9	54	95.6	0.3	0.768	81.2	-15.1	0.065
2	7	9	55	96.7	-1.9	0.069	95.8	-1.0	0.650
2	7	9	56	24.0	-0.4	0.276	20.4	-0.4	0.276
2	7	10	51	17.7	0.7	0.000	18.5	0.7	0.005
2	7	10	52	184.6	15.5	0.198	199.1	7.8	0.285
2	7	10	54	97.1	0.4	0.617	133.7	37.7	0.008
2	7	10	55	97.1	-0.3	0.816	95.7	-1.4	0.269
2	7	10	56	35.8	0.1	0.899	54.7	52.7	0.004
2	7	11	51	18.0	0.6	0.005	19.2	1.2	0.000
2	7	11	52	77.5	9.4	0.186	72.2	-6.9	0.454
2	7	11	54	96.3	-0.4	0.790	124.7	29.5	0.007
2	7	11	55	96.9	-2.0	0.081	97.8	0.9	0.480
2	7	11	56	13.1	-0.3	0.185	18.1	38.3	0.001
2	7	12	51	13.3	-0.2	0.504	14.4	1.1	0.002
2	7	12	52	69.9	9.2	0.249	85.4	22.3	0.083
2	7	12	54	88.2	1.7	0.578	266.5	202.2	0.013
2	7	12	55	78.4	-4.4	0.235	71.9	-8.2	0.109
2	7	12	56	4.8	-0.2	0.428	11.4	138.2	0.052
2	23	8	51	-0.4	0.5	0.310	0.9	1.3	0.000
2	23	8	52	123.4	8.8	0.299	137.8	11.7	0.120
2	23	8	54	86.7	0.1	0.982	20.4	-76.5	0.007
2	23	8	55	95.1	0.4	0.718	95.5	0.4	0.586
2	23	8	56	12.4	0.1	0.912	4.6	-62.7	0.001
2	23	9	51	13.1	0.4	0.099	-1.4	1.2	0.010
2	23	9	52	74.9	-1.5	0.810	72.6	-3.1	0.710
2	23	9	54	81.0	-3.6	0.211	44.8	-44.7	0.001
2	23	9	55	96.0	-1.0	0.414	94.8	-1.2	0.124
2	23	9	56	20.3	-1.1	0.210	11.0	-1.1	0.210
2	23	10	51	21.3	0.8	0.004	22.4	1.1	0.000
2	23	10	52	117.2	1.9	0.823	119.4	1.9	0.840
2	23	10	54	63.7	-12.1	0.005	24.7	-61.2	0.003
2	23	10	55	93.6	0.2	0.873	93.9	0.3	0.891
2	23	10	56	22.8	-4.3	0.010	10.1	-55.6	0.000
2	23	11	51	22.0	1.0	0.002	23.3	1.3	0.003
2	23	11	52	43.3	-2.0	0.722	42.9	-0.8	0.960
2	23	11	54	54.6	-13.7	0.003	29.0	-46.9	0.013
2	23	11	55	93.3	-1.8	0.204	92.2	-1.2	0.697
2	23	11	56	7.2	-2.0	0.003	4.4	-38.9	0.009
2	23	12	51	16.4	0.2	0.617	17.9	1.5	0.000
2	23	12	52	46.9	8.7	0.276	45.7	-2.7	0.864
2	23	12	54	48.4	2.1	0.547	55.0	13.7	0.157
2	23	12	55	86.7	-2.8	0.389	87.8	1.2	0.616
2	23	12	56	2.8	-0.3	0.311	4.5	56.6	0.001
2	21	8	51	0.4	0.5	0.264	1.6	1.1	0.001
2	21	8	52	126.3	8.4	0.342	136.9	8.3	0.276
2	21	8	54	81.6	-2.0	0.564	31.0	-62.1	0.000
2	21	8	55	95.2	1.0	0.450	95.3	0.1	0.889
2	21	8	56	11.7	-0.2	0.716	3.8	-67.5	0.005
2	21	9	51	13.1	0.4	0.056	-1.4	1.2	0.010
2	21	9	52	71.8	0.3	0.966	67.8	-5.6	0.486
2	21	9	54	81.1	-4.1	0.125	48.7	-40.0	0.003
2	21	9	55	95.8	-0.2	0.882	94.7	-1.2	0.046
2	21	9	56	20.3	-1.1	0.184	9.0	-1.1	0.184
2	21	10	51	21.3	0.8	0.000	22.4	1.1	0.000
2	21	10	52	111.3	-8.0	0.260	104.2	-6.4	0.471
2	21	10	54	63.7	-12.8	0.000	26.8	-58.0	0.002
2	21	10	55	93.3	-1.8	0.167	91.8	-1.6	0.539
2	21	10	56	22.8	-4.9	0.001	8.5	-62.9	0.002
2	21	11	51	22.0	1.0	0.000	23.4	1.4	0.001
2	21	11	52	43.3	-0.3	0.955	40.0	-7.7	0.638
2	21	11	54	53.3	-15.1	0.000	32.9	-38.3	0.036
2	21	11	55	93.6	-2.2	0.143	91.8	-2.0	0.525
2	21	11	56	7.1	-2.1	0.000	3.5	-50.0	0.002
2	21	12	51	16.7	0.1	0.853	18.3	1.6	0.000
2	21	12	52	46.8	9.3	0.240	48.1	2.8	0.871
2	21	12	54	43.1	1.0	0.740	56.7	31.7	0.022
2	21	12	55	87.2	-3.0	0.369	87.0	-0.3	0.898
2	21	12	56	2.5	-0.2	0.503	3.2	28.1	0.027
2	9	8	51	-2.5	0.5	0.319	-1.0	1.5	0.001
2	9	8	52	157.5	5.5	0.536	178.3	13.2	0.038
2	9	8	54	88.1	3.4	0.363	87.3	-0.9	0.939
2	9	8	55	98.0	-0.1	0.847	96.7	-1.4	0.095
2	9	8	56	12.9	0.5	0.372	10.6	-18.2	0.138
2	9	9	51	12.4	0.4	0.191	-1.4	1.2	0.010
2	9	9	52	88.6	-2.6	0.637	83.2	-6.1	0.456
2	9	9	54	88.0	-0.9	0.720	67.7	-23.1	0.072
2	9	9	55	98.1	-0.9	0.029	98.6	0.5	0.667
2	9	9	56	22.5	-0.4	0.532	16.4	-0.4	0.532
2	9	10	51	19.9	0.8	0.018	20.8	0.9	0.001
2	9	10	52	135.1	0.6	0.947	136.4	1.0	0.898
2	9	10	54	81.5	-8.2	0.045	65.9	-19.2	0.080
2	9	10	55	95.7	0.8	0.396	95.3	-0.4	0.703
2	9	10	56	29.6	-2.7	0.079	24.8	-16.5	0.112
2	9	11	51	20.0	0.9	0.006	21.2	1.1	0.014
2	9	11	52	47.6	-7.6	0.134	46.0	-3.4	0.799
2	9	11	54	81.1	-11.2	0.009	79.0	-2.6	0.771
2	9	11	55	94.6	-2.3	0.106	93.4	-1.3	0.395
2	9	11	56	10.8	-1.7	0.007	10.8	-0.5	0.952
2	9	12	51	14.3	0.3	0.427	15.8	1.4	0.001
2	9	12	52	55.6	14.5	0.048	69.6	25.1	0.077
2	9	12	54	76.6	4.4	0.252	236.7	208.9	0.001
2	9	12	55	83.7	-6.1	0.028	79.4	-5.1	0.107
2	9	12	56	4.4	-0.6	0.019	11.5	161.2	0.004
2	4	8	51	-1.5	0.3	0.570	-0.3	1.2	0.006
2	4	8	52	133.4	12.3	0.069	148.9	11.6	0.051
2	4	8	54	88.4	2.4	0.477	77.1	-12.7	0.261
2	4	8	55	96.9	0.9	0.102	94.9	-2.1	0.111
2	4	8	56	12.9	0.5	0.368	9.9	-23.2	0.051
2	4	9	51	11.5	0.3	0.170	-1.4	1.2	0.010
2	4	9	52	100.8	3.9	0.501	97.8	-2.9	0.675
2	4	9	54	95.0	0.3	0.805	83.1	-12.5	0.115
2	4	9	55	98.6	0.5	0.355	98.3	-0.3	0.892
2	4	9	56	24.4	0.2	0.606	20.9	0.2	0.606
2	4	10	51	18.0	0.8	0.001	18.7	0.7	0.005
2	4	10	52	186.1	6.0	0.682	212.4	14.1	0.066
2	4	10	54	96.1	-1.3	0.337	130.5	35.8	0.012
2	4	10	55	95.9	0.4	0.715	92.3	-3.7	0.016
2	4	10	56	35.0	-0.3	0.577	47.9	36.8	0.022
2	4	11	51	18.1	0.6	0.015	19.3	1.2	0.001
2	4	11	52	57.8	7.6	0.211	54.1	-6.4	0.551
2	4	11	54	95.5	-1.1	0.527	124.6	30.4	0.008
2	4	11	55	96.3	-0.3	0.747	96.3	0.0	0.988
2	4	11	56	12.9	-0.2	0.471	17.1	32.7	0.008
2	4	12	51	13.2	0.0	0.956	14.3	1.1	0.002
2	4	12	52	59.3	6.8	0.312	72.9	22.9	0.051
2	4	12	54	89.2	-2.8	0.400	280.7	214.8	0.017
2	4	12	55	83.1	-3.3	0.268	76.0	-8.5	0.068
2	4	12	56	5.1	-0.2	0.480	12.5	142.1	0.058
2	2	8	51	-3.3	0.5	0.318	-1.8	1.5	0.002
2	2	8	52	149.6	4.3	0.596	166.2	11.1	0.062
2	2	8	54	84.0	4.0	0.371	65.4	-22.2	0.040
2	2	8	55	97.8	0.5	0.442	96.5	-1.4	0.125
2	2	8	56	12.3	0.6	0.337	13.3	7.7	0.533
2	2	9	51	11.2	0.6	0.021	-1.4	1.2	0.010
2	2	9	52	93.2	-4.6	0.415	99.4	6.6	0.456
2	2	9	54	95.3	-0.3	0.805	77.0	-19.2	0.027
2	2	9	55	98.4	-0.8	0.091	95.3	-3.1	0.063
2	2	9	56	24.4	-0.3	0.458	20.7	-0.3	0.458
2	2	10	51	18.9	0.8	0.023	19.7	0.8	0.001
2	2	10	52	148.4	-11.0	0.254	145.2	-2.2	0.741
2	2	10	54	90.1	-4.7	0.143	109.0	20.9	0.075
2	2	10	55	96.7	-0.1	0.884	97.4	0.6	0.429
2	2	10	56	33.2	-1.7	0.169	40.9	23.4	0.037
2	2	11	51	18.7	0.9	0.005	19.7	1.0	0.012
2	2	11	52	53.6	-11.3	0.074	52.7	-1.6	0.887
2	2	11	54	91.4	-7.9	0.012	109.9	20.2	0.025
2	2	11	55	95.0	-3.6	0.000	92.5	-2.7	0.064
2	2	11	56	12.2	-1.4	0.002	14.4	17.9	0.098
2	2	12	51	13.0	0.4	0.276	14.3	1.3	0.001
2	2	12	52	55.6	-0.1	0.989	70.2	26.3	0.029
2	2	12	54	89.6	1.9	0.548	268.9	200.0	0.009
2	2	12	55	84.6	0.1	0.973	78.4	-7.3	0.037
2	2	12	56	5.3	-0.2	0.415	15.9	201.4	0.039
2	11	8	51	-1.5	0.4	0.430	-0.4	1.1	0.006
2	11	8	52	140.8	5.1	0.462	153.9	9.3	0.133
2	11	8	54	89.0	2.6	0.391	62.9	-29.3	0.013
2	11	8	55	97.6	0.7	0.242	95.4	-2.2	0.248
2	11	8	56	13.0	0.5	0.314	9.6	-26.3	0.023
2	11	9	51	11.3	0.4	0.070	-1.4	1.2	0.010
2	11	9	52	113.2	-1.6	0.830	109.0	-3.7	0.589
2	11	9	54	95.6	0.3	0.730	69.2	-27.6	0.006
2	11	9	55	97.6	-1.4	0.156	98.2	0.6	0.838
2	11	9	56	24.3	-0.3	0.447	21.7	-0.3	0.447
2	11	10	51	17.8	0.8	0.000	18.6	0.8	0.003
2	11	10	52	178.1	-1.8	0.879	192.2	7.9	0.284
2	11	10	54	96.9	0.1	0.926	80.9	-16.5	0.087
2	11	10	55	97.2	-0.6	0.466	94.7	-2.7	0.078
2	11	10	56	35.8	-0.2	0.650	55.2	54.1	0.005
2	11	11	51	18.1	0.7	0.003	19.3	1.2	0.000
2	11	11	52	72.1	2.1	0.781	62.7	-12.9	0.187
2	11	11	54	95.6	-1.1	0.522	93.0	-2.7	0.735
2	11	11	55	96.6	-1.6	0.188	98.6	2.1	0.194
2	11	11	56	12.9	-0.4	0.147	18.2	41.4	0.002
2	11	12	51	13.3	-0.1	0.842	14.5	1.1	0.002
2	11	12	52	59.9	9.8	0.214	66.3	10.8	0.340
2	11	12	54	88.1	-1.4	0.717	220.8	150.7	0.001
2	11	12	55	82.5	-4.6	0.187	79.1	-4.2	0.416
2	11	12	56	5.0	-0.3	0.313	13.7	172.6	0.054
2	10	8	51	-3.0	0.5	0.352	-1.4	1.6	0.001
2	10	8	52	159.0	7.5	0.355	180.7	13.7	0.042
2	10	8	54	85.7	3.5	0.394	63.9	-25.5	0.025
2	10	8	55	98.3	-0.2	0.643	96.8	-1.6	0.115
2	10	8	56	12.6	0.5	0.410	12.4	-1.8	0.873
2	10	9	51	12.2	0.3	0.292	-1.4	1.2	0.010
2	10	9	52	88.3	-0.5	0.937	80.7	-8.6	0.286
2	10	9	54	89.4	0.1	0.956	80.3	-10.1	0.146
2	10	9	55	97.8	-0.4	0.498	98.2	0.4	0.694
2	10	9	56	22.8	-0.1	0.920	17.7	-0.1	0.920
2	10	10	51	20.0	0.7	0.040	21.0	1.0	0.001
2	10	10	52	130.9	-0.1	0.993	139.4	6.5	0.482
2	10	10	54	80.0	-8.3	0.063	125.5	56.9	0.003
2	10	10	55	95.4	0.2	0.833	93.9	-1.6	0.233
2	10	10	56	29.0	-2.9	0.079	23.2	-20.2	0.065
2	10	11	51	20.0	1.0	0.005	21.1	1.1	0.029
2	10	11	52	43.0	-5.4	0.184	40.3	-6.2	0.631
2	10	11	54	80.6	-12.0	0.007	112.6	39.7	0.002
2	10	11	55	94.8	-1.9	0.106	92.7	-2.3	0.239
2	10	11	56	10.8	-1.8	0.004	10.5	-3.0	0.747
2	10	12	51	14.2	0.4	0.215	15.7	1.5	0.001
2	10	12	52	51.0	9.1	0.197	59.4	16.6	0.223
2	10	12	54	77.3	7.0	0.075	224.3	190.1	0.024
2	10	12	55	85.8	-3.9	0.155	83.3	-2.9	0.243
2	10	12	56	4.6	-0.5	0.029	14.3	212.2	0.001
2	24	8	51	0.2	0.5	0.237	1.5	1.3	0.000
2	24	8	52	124.9	13.5	0.082	141.4	13.2	0.081
2	24	8	54	84.4	-1.2	0.674	13.9	-83.5	0.012
2	24	8	55	95.6	0.7	0.447	95.8	0.2	0.836
2	24	8	56	12.1	-0.1	0.839	2.9	-76.4	0.007
2	24	9	51	13.0	0.4	0.052	-1.4	1.2	0.010
2	24	9	52	69.4	-2.9	0.621	74.0	6.7	0.412
2	24	9	54	82.9	-3.9	0.112	53.3	-35.7	0.000
2	24	9	55	95.4	-1.4	0.176	95.4	0.0	0.996
2	24	9	56	20.6	-1.2	0.097	11.3	-1.2	0.097
2	24	10	51	21.9	0.8	0.004	22.9	0.9	0.001
2	24	10	52	90.2	3.0	0.720	102.6	13.7	0.262
2	24	10	54	55.0	-12.0	0.005	26.2	-52.3	0.000
2	24	10	55	88.1	0.7	0.714	91.7	4.1	0.209
2	24	10	56	18.6	-3.9	0.013	7.7	-58.6	0.007
2	24	11	51	22.6	1.0	0.001	23.9	1.2	0.006
2	24	11	52	36.1	1.1	0.861	33.6	-7.0	0.742
2	24	11	54	44.8	-13.3	0.002	23.7	-47.1	0.005
2	24	11	55	88.8	-2.9	0.200	85.6	-3.6	0.394
2	24	11	56	5.7	-1.8	0.001	3.1	-45.8	0.021
2	24	12	51	17.1	0.4	0.225	18.5	1.4	0.001
2	24	12	52	38.1	8.8	0.112	44.4	16.5	0.387
2	24	12	54	38.0	2.5	0.381	41.6	9.5	0.262
2	24	12	55	91.1	-2.8	0.185	90.2	-1.0	0.590
2	24	12	56	2.4	-0.4	0.125	2.7	12.1	0.219
2	8	8	51	-1.8	0.4	0.425	-0.7	1.2	0.004
2	8	8	52	137.5	4.3	0.496	147.6	7.3	0.248
2	8	8	54	89.2	2.8	0.393	73.9	-17.1	0.165
2	8	8	55	97.5	0.5	0.415	96.3	-1.2	0.428
2	8	8	56	13.0	0.5	0.340	9.8	-24.6	0.028
2	8	9	51	11.5	0.4	0.081	-1.4	1.2	0.010
2	8	9	52	107.0	-5.5	0.481	103.3	-3.5	0.601
2	8	9	54	94.8	-0.3	0.823	68.7	-27.5	0.028
2	8	9	55	97.5	-0.5	0.550	97.2	-0.3	0.852
2	8	9	56	24.1	-0.2	0.566	20.2	-0.2	0.566
2	8	10	51	18.2	0.8	0.000	19.0	0.8	0.002
2	8	10	52	196.3	-3.8	0.759	209.1	6.5	0.418
2	8	10	54	96.0	-1.9	0.176	80.0	-16.6	0.107
2	8	10	55	96.9	0.1	0.831	96.2	-0.7	0.508
2	8	10	56	35.4	-0.6	0.296	48.8	37.9	0.009
2	8	11	51	18.4	0.7	0.006	19.6	1.2	0.001
2	8	11	52	74.9	9.6	0.326	66.3	-11.4	0.308
2	8	11	54	94.3	-2.4	0.267	94.4	0.0	0.996
2	8	11	55	94.6	-1.8	0.311	94.5	-0.1	0.971
2	8	11	56	12.5	-0.6	0.085	16.1	28.9	0.009
2	8	12	51	13.5	0.0	0.931	14.7	1.2	0.001
2	8	12	52	58.8	7.3	0.325	67.3	14.4	0.259
2	8	12	54	86.5	0.1	0.975	233.8	170.4	0.001
2	8	12	55	83.1	-3.5	0.280	79.1	-4.8	0.317
2	8	12	56	5.0	-0.2	0.328	14.2	185.6	0.033
2	12	8	51	-1.9	0.5	0.322	-0.6	1.4	0.001
2	12	8	52	138.9	5.8	0.487	153.6	10.6	0.103
2	12	8	54	89.1	3.0	0.391	94.2	5.7	0.613
2	12	8	55	96.9	-0.9	0.243	95.9	-1.1	0.373
2	12	8	56	12.9	0.3	0.535	9.1	-29.8	0.013
2	12	9	51	12.3	0.4	0.084	-1.4	1.2	0.010
2	12	9	52	87.7	-3.7	0.510	86.4	-1.4	0.869
2	12	9	54	89.7	-1.4	0.454	64.6	-28.0	0.055
2	12	9	55	98.0	-0.6	0.370	97.2	-0.8	0.510
2	12	9	56	22.9	-0.5	0.356	16.4	-0.5	0.356
2	12	10	51	19.5	0.8	0.004	20.5	0.9	0.000
2	12	10	52	147.3	-13.4	0.158	139.2	-5.4	0.452
2	12	10	54	86.1	-7.9	0.015	51.2	-40.5	0.005
2	12	10	55	96.8	-0.5	0.456	96.9	0.1	0.926
2	12	10	56	31.7	-3.1	0.014	26.6	-16.2	0.098
2	12	11	51	19.7	0.9	0.002	20.9	1.2	0.005
2	12	11	52	55.0	-1.8	0.758	53.9	-2.0	0.881
2	12	11	54	84.7	-10.0	0.007	76.9	-9.2	0.438
2	12	11	55	95.7	-1.7	0.203	95.0	-0.7	0.656
2	12	11	56	11.4	-1.5	0.006	11.1	-3.2	0.695
2	12	12	51	14.3	0.2	0.516	15.7	1.4	0.001
2	12	12	52	57.3	10.5	0.189	68.0	18.7	0.229
2	12	12	54	77.9	3.6	0.356	205.1	163.2	0.000
2	12	12	55	83.2	-4.4	0.191	79.7	-4.2	0.309
2	12	12	56	4.5	-0.4	0.067	10.8	141.9	0.003
2	20	8	51	-0.9	0.4	0.356	0.2	1.1	0.005
2	20	8	52	124.0	9.1	0.267	130.3	5.1	0.473
2	20	8	54	88.2	1.5	0.641	28.4	-67.8	0.004
2	20	8	55	95.4	0.9	0.320	94.6	-0.8	0.501
2	20	8	56	12.7	0.3	0.557	8.6	-32.1	0.011
2	20	9	51	12.1	0.7	0.007	-1.4	1.2	0.010
2	20	9	52	121.5	-5.9	0.551	119.9	-1.3	0.855
2	20	9	54	91.1	-2.3	0.247	41.1	-54.9	0.000
2	20	9	55	95.4	-1.1	0.430	95.3	-0.1	0.963
2	20	9	56	22.6	-0.8	0.159	16.0	-0.8	0.159
2	20	10	51	19.0	1.0	0.000	19.9	0.9	0.003
2	20	10	52	185.6	18.0	0.141	191.4	3.1	0.742
2	20	10	54	93.0	-5.6	0.001	34.3	-63.1	0.001
2	20	10	55	97.0	-0.3	0.743	97.6	0.6	0.681
2	20	10	56	34.3	-2.2	0.002	36.1	5.3	0.650
2	20	11	51	19.2	1.1	0.000	20.4	1.3	0.002
2	20	11	52	74.7	14.9	0.145	64.5	-13.7	0.269
2	20	11	54	89.9	-6.9	0.016	44.9	-50.1	0.001
2	20	11	55	94.0	-3.1	0.123	94.9	0.9	0.571
2	20	11	56	11.8	-1.3	0.002	13.1	11.0	0.210
2	20	12	51	14.3	0.0	0.901	15.7	1.4	0.001
2	20	12	52	50.4	10.5	0.168	52.0	3.1	0.830
2	20	12	54	77.3	2.0	0.642	98.8	27.8	0.023
2	20	12	55	86.0	-4.4	0.161	86.0	0.0	0.996
2	20	12	56	4.5	-0.1	0.604	11.6	156.0	0.010
2	1	8	51	-3.0	0.5	0.333	-1.5	1.5	0.002
2	1	8	52	159.7	7.4	0.357	176.5	10.6	0.075
2	1	8	54	85.8	4.0	0.339	93.4	8.8	0.478
2	1	8	55	98.4	-0.2	0.619	96.9	-1.5	0.128
2	1	8	56	12.7	0.6	0.362	12.5	-1.0	0.929
2	1	9	51	11.4	0.3	0.173	-1.4	1.2	0.010
2	1	9	52	99.0	0.4	0.956	108.5	9.6	0.275
2	1	9	54	95.1	0.0	0.997	83.0	-12.8	0.128
2	1	9	55	98.2	-0.2	0.673	95.0	-3.3	0.116
2	1	9	56	24.3	-0.1	0.874	20.0	-0.1	0.874
2	1	10	51	18.8	0.8	0.010	19.6	0.8	0.001
2	1	10	52	156.4	-17.6	0.080	153.8	-1.7	0.784
2	1	10	54	91.3	-4.6	0.113	111.6	22.2	0.045
2	1	10	55	97.1	-0.4	0.569	96.9	-0.2	0.752
2	1	10	56	33.7	-1.8	0.109	39.8	18.0	0.096
2	1	11	51	18.6	0.9	0.004	19.6	1.1	0.005
2	1	11	52	59.9	-5.4	0.381	57.5	-3.9	0.684
2	1	11	54	92.7	-6.9	0.024	111.6	20.4	0.060
2	1	11	55	96.4	-1.3	0.066	95.3	-1.1	0.413
2	1	11	56	12.5	-1.1	0.014	15.2	21.2	0.040
2	1	12	51	13.0	0.3	0.311	14.3	1.3	0.001
2	1	12	52	60.4	0.3	0.966	69.9	15.7	0.202
2	1	12	54	90.2	1.1	0.705	291.8	223.5	0.021
2	1	12	55	82.6	-0.2	0.942	78.3	-5.1	0.271
2	1	12	56	5.2	-0.2	0.394	14.8	187.0	0.038
1	26	13	51	20.3	1.0	0.000	21.3	1.0	0.002
1	26	13	52	128.6	2.8	0.670	128.6	0.3	0.556
1	26	13	54	88.1	-0.1	0.603	77.0	-12.6	0.007
1	26	13	55	99.2	-0.1	0.603	99.5	0.3	0.556
1	26	13	56	6.1	-0.6	0.000	5.4	-12.0	0.012
1	26	14	51	11.8	0.2	0.291	13.4	1.6	0.000
1	26	14	52	97.7	10.8	0.067	97.0	-0.4	0.834
1	26	14	54	97.5	2.8	0.035	112.7	15.6	0.002
1	26	14	55	91.2	2.8	0.035	90.8	-0.4	0.834
1	26	14	56	6.2	0.2	0.011	7.1	14.4	0.009
1	26	15	51	2.8	1.2	0.018	3.9	1.1	0.008
1	26	15	52	45.8	2.3	0.541	45.8	1.0	0.726
1	26	15	54	89.9	2.6	0.346	31.7	-64.8	0.003
1	26	15	55	76.7	2.6	0.346	77.4	1.0	0.726
1	26	15	56	3.5	0.2	0.146	1.2	-65.2	0.005
1	26	16	51	-2.3	0.4	0.394	-1.4	1.2	0.010
1	26	16	52	120.5	4.0	0.508	120.0	-0.5	0.245
1	26	16	54	93.6	0.0	0.724	71.3	-20.8	0.118
1	26	16	55	97.7	0.0	0.724	97.2	-0.5	0.245
1	26	16	56	26.5	0.4	0.460	20.9	0.4	0.460
1	26	17	51	8.6	0.5	0.044	9.4	0.8	0.000
1	26	17	52	135.6	5.4	0.318	135.0	-0.2	0.458
1	26	17	54	97.1	0.0	0.900	50.4	-48.1	0.000
1	26	17	55	98.9	0.0	0.900	98.7	-0.2	0.458
1	26	17	56	34.6	-0.1	0.722	17.9	-48.1	0.000
1	26	18	51	18.5	0.6	0.044	19.6	1.1	0.000
1	26	18	52	74.3	-4.5	0.244	73.0	-2.0	0.404
1	26	18	54	92.7	1.8	0.274	180.1	94.3	0.000
1	26	18	55	82.6	1.8	0.274	80.9	-2.0	0.404
1	26	18	56	6.9	-0.1	0.602	13.3	94.0	0.001
1	26	19	51	20.7	1.0	0.001	21.4	0.8	0.020
1	26	19	52	72.6	1.8	0.737	72.0	-1.1	0.726
1	26	19	54	95.8	-0.8	0.722	71.3	-25.6	0.013
1	26	19	55	78.1	-0.8	0.722	77.2	-1.1	0.726
1	26	19	56	5.2	0.0	0.797	3.8	-26.7	0.007
1	25	13	51	22.4	0.1	0.000	23.5	1.1	0.001
1	25	13	52	85.3	-3.9	0.706	82.8	-3.0	0.856
1	25	13	54	67.5	-0.8	0.465	45.2	-33.0	0.001
1	25	13	55	94.2	-0.8	0.465	92.7	-1.5	0.614
1	25	13	56	4.5	-0.8	0.000	3.0	-32.5	0.003
1	25	14	51	14.6	0.5	0.052	16.3	1.7	0.000
1	25	14	52	82.1	10.2	0.245	83.7	1.9	0.857
1	25	14	54	92.7	3.6	0.134	58.4	-37.0	0.000
1	25	14	55	84.8	3.6	0.134	86.0	1.4	0.661
1	25	14	56	5.5	0.1	0.802	3.7	-33.8	0.000
1	25	15	51	6.5	1.2	0.012	7.6	1.1	0.005
1	25	15	52	50.6	2.3	0.686	60.2	18.9	0.157
1	25	15	54	88.6	-7.3	0.015	22.9	-74.2	0.003
1	25	15	55	76.8	-7.3	0.015	78.5	2.2	0.563
1	25	15	56	3.4	-0.1	0.648	0.9	-73.0	0.004
1	25	16	51	1.6	0.3	0.361	-1.4	1.2	0.010
1	25	16	52	136.2	4.4	0.595	155.7	14.3	0.070
1	25	16	54	88.7	-0.4	0.449	70.2	-20.8	0.118
1	25	16	55	98.0	-0.4	0.449	97.4	-0.6	0.315
1	25	16	56	25.2	-0.7	0.237	1.6	-0.7	0.237
1	25	17	51	9.5	0.5	0.022	10.3	0.8	0.000
1	25	17	52	109.1	0.5	0.934	107.3	-1.7	0.817
1	25	17	54	94.0	0.3	0.521	33.6	-64.2	0.000
1	25	17	55	96.8	0.3	0.521	96.8	0.0	0.991
1	25	17	56	32.8	-0.6	0.138	11.6	-64.4	0.000
1	25	18	51	19.6	0.7	0.008	20.6	1.0	0.000
1	25	18	52	50.8	-1.3	0.787	57.7	13.7	0.401
1	25	18	54	85.4	0.3	0.840	145.2	70.1	0.000
1	25	18	55	91.0	0.3	0.840	88.7	-2.6	0.103
1	25	18	56	7.0	-0.5	0.025	11.6	66.8	0.000
1	25	19	51	22.6	0.9	0.005	23.5	0.9	0.004
1	25	19	52	39.2	-4.0	0.467	41.8	6.6	0.761
1	25	19	54	95.1	1.5	0.435	56.0	-41.1	0.005
1	25	19	55	90.9	1.5	0.435	90.6	-0.3	0.856
1	25	19	56	6.0	-0.1	0.610	3.6	-40.4	0.006
1	14	13	51	19.3	1.0	0.000	20.3	0.9	0.003
1	14	13	52	155.5	5.2	0.666	150.5	-3.2	0.703
1	14	13	54	93.9	-0.6	0.529	103.1	9.8	0.012
1	14	13	55	97.1	-0.6	0.529	98.5	1.5	0.076
1	14	13	56	6.4	-0.4	0.000	6.5	1.5	0.656
1	14	14	51	11.0	0.1	0.647	12.6	1.6	0.000
1	14	14	52	91.6	9.8	0.257	83.1	-9.3	0.281
1	14	14	54	95.1	3.9	0.084	130.9	37.6	0.000
1	14	14	55	87.7	3.9	0.084	86.9	-0.9	0.649
1	14	14	56	5.8	0.3	0.075	8.0	37.4	0.000
1	14	15	51	2.2	1.3	0.026	3.0	0.8	0.078
1	14	15	52	39.7	-0.3	0.934	37.1	-6.6	0.524
1	14	15	54	87.0	3.9	0.209	41.1	-52.7	0.002
1	14	15	55	72.0	3.9	0.209	70.6	-2.0	0.542
1	14	15	56	3.1	0.1	0.414	1.2	-62.1	0.002
1	14	16	51	-2.9	0.3	0.514	-1.4	1.2	0.010
1	14	16	52	98.2	1.5	0.786	106.6	8.5	0.237
1	14	16	54	90.7	0.1	0.882	103.5	14.1	0.395
1	14	16	55	95.2	0.1	0.882	95.1	-0.1	0.795
1	14	16	56	25.0	0.6	0.395	24.1	0.6	0.395
1	14	17	51	8.4	0.5	0.061	9.2	0.8	0.001
1	14	17	52	134.4	-2.9	0.730	133.7	-0.5	0.933
1	14	17	54	97.2	-0.6	0.288	69.9	-28.1	0.008
1	14	17	55	98.1	-0.6	0.288	97.6	-0.5	0.278
1	14	17	56	34.3	-0.3	0.522	20.4	-40.5	0.001
1	14	18	51	17.8	0.6	0.029	18.8	1.0	0.001
1	14	18	52	90.6	-9.3	0.243	97.0	7.1	0.418
1	14	18	54	95.8	3.6	0.327	238.7	149.3	0.000
1	14	18	55	74.4	3.6	0.327	71.5	-3.8	0.435
1	14	18	56	6.4	0.2	0.599	13.4	108.9	0.002
1	14	19	51	19.7	1.2	0.000	20.4	0.7	0.052
1	14	19	52	89.2	0.8	0.936	87.7	-1.7	0.888
1	14	19	54	92.7	-0.2	0.963	92.4	-0.3	0.933
1	14	19	55	69.9	-0.2	0.963	70.7	1.2	0.845
1	14	19	56	4.6	0.2	0.488	3.8	-15.5	0.092
1	3	13	51	18.5	0.8	0.001	19.3	0.7	0.005
1	3	13	52	156.0	32.1	0.002	172.3	10.5	0.205
1	3	13	54	97.1	-2.0	0.037	97.1	0.0	0.996
1	3	13	55	97.4	-2.0	0.037	94.7	-2.8	0.136
1	3	13	56	6.6	-0.3	0.001	7.1	6.6	0.128
1	3	14	51	10.6	0.0	0.907	11.9	1.3	0.000
1	3	14	52	100.3	5.6	0.539	109.3	9.0	0.280
1	3	14	54	93.5	0.2	0.925	130.9	40.0	0.000
1	3	14	55	89.9	0.2	0.925	90.0	0.1	0.933
1	3	14	56	5.9	0.0	0.961	8.0	36.8	0.000
1	3	15	51	2.4	0.9	0.080	3.7	1.2	0.014
1	3	15	52	42.4	0.8	0.821	43.1	1.7	0.834
1	3	15	54	89.3	3.1	0.294	36.7	-58.9	0.002
1	3	15	55	74.4	3.1	0.294	74.8	0.5	0.823
1	3	15	56	3.3	0.2	0.265	1.6	-53.1	0.003
1	3	16	51	-2.3	0.3	0.537	-1.4	1.2	0.010
1	3	16	52	108.5	6.3	0.282	120.5	11.0	0.064
1	3	16	54	92.0	0.5	0.378	88.4	-3.9	0.808
1	3	16	55	96.5	0.5	0.378	95.8	-0.7	0.076
1	3	16	56	25.8	0.6	0.411	24.1	0.6	0.411
1	3	17	51	8.2	0.4	0.151	8.8	0.7	0.010
1	3	17	52	141.0	16.9	0.011	147.1	4.3	0.510
1	3	17	54	98.0	0.7	0.038	58.5	-40.3	0.001
1	3	17	55	98.8	0.7	0.038	98.2	-0.6	0.366
1	3	17	56	34.9	0.2	0.370	24.8	-28.8	0.007
1	3	18	51	17.0	0.6	0.028	18.0	1.0	0.001
1	3	18	52	79.2	-3.0	0.640	86.2	8.8	0.280
1	3	18	54	97.8	1.4	0.633	208.8	113.5	0.000
1	3	18	55	79.8	1.4	0.633	74.7	-6.4	0.233
1	3	18	56	7.0	0.1	0.731	16.4	133.1	0.004
1	3	19	51	19.0	1.0	0.002	19.3	0.4	0.215
1	3	19	52	93.0	14.1	0.086	118.1	26.9	0.024
1	3	19	54	89.4	-6.8	0.073	75.1	-15.9	0.039
1	3	19	55	68.3	-6.8	0.073	56.9	-16.7	0.021
1	3	19	56	4.3	-0.2	0.518	3.6	-16.5	0.040
1	17	13	51	18.5	0.9	0.000	19.6	1.0	0.007
1	17	13	52	94.8	-1.1	0.905	100.7	6.2	0.654
1	17	13	54	77.1	-0.3	0.701	58.4	-24.3	0.006
1	17	13	55	96.1	-0.3	0.701	97.4	1.3	0.531
1	17	13	56	5.2	-0.7	0.001	4.0	-22.5	0.017
1	17	14	51	10.6	0.3	0.234	12.3	1.7	0.000
1	17	14	52	80.6	11.7	0.113	73.2	-9.1	0.319
1	17	14	54	97.8	3.8	0.109	102.3	4.6	0.363
1	17	14	55	85.1	3.8	0.109	82.6	-3.0	0.300
1	17	14	56	5.8	0.3	0.091	5.9	1.4	0.822
1	17	15	51	2.4	1.3	0.016	3.7	1.2	0.016
1	17	15	52	42.4	2.6	0.611	45.2	6.7	0.605
1	17	15	54	87.6	3.3	0.256	25.2	-71.3	0.006
1	17	15	55	71.9	3.3	0.256	74.5	3.7	0.391
1	17	15	56	3.2	0.2	0.239	0.9	-70.2	0.017
1	17	16	51	-2.3	0.3	0.535	-1.4	1.2	0.010
1	17	16	52	113.2	5.1	0.547	131.3	15.9	0.031
1	17	16	54	90.9	-0.4	0.624	96.7	6.4	0.730
1	17	16	55	96.2	-0.4	0.624	96.1	-0.1	0.918
1	17	16	56	25.3	0.4	0.540	19.9	0.4	0.540
1	17	17	51	8.2	0.5	0.060	9.0	0.8	0.001
1	17	17	52	121.2	9.5	0.187	118.7	-2.1	0.779
1	17	17	54	94.7	0.6	0.291	37.9	-60.0	0.002
1	17	17	55	97.5	0.6	0.291	97.3	-0.3	0.637
1	17	17	56	33.3	0.0	0.963	13.3	-60.1	0.002
1	17	18	51	17.0	0.5	0.196	18.1	1.1	0.001
1	17	18	52	67.8	1.2	0.821	66.1	-2.5	0.813
1	17	18	54	83.5	-0.2	0.935	133.6	60.1	0.001
1	17	18	55	84.8	-0.2	0.935	85.1	0.4	0.860
1	17	18	56	6.3	-0.4	0.131	10.3	63.1	0.002
1	17	19	51	19.0	0.9	0.012	19.9	0.9	0.017
1	17	19	52	52.1	-1.4	0.817	62.4	19.8	0.296
1	17	19	54	95.5	0.7	0.773	61.5	-35.6	0.024
1	17	19	55	86.4	0.7	0.773	83.4	-3.5	0.330
1	17	19	56	5.8	-0.1	0.757	3.5	-39.2	0.008
1	18	13	51	21.6	0.1	0.000	22.6	1.0	0.020
1	18	13	52	93.9	-4.3	0.632	107.4	14.4	0.406
1	18	13	54	76.4	-0.2	0.833	58.6	-23.3	0.019
1	18	13	55	96.0	-0.2	0.833	97.7	1.8	0.437
1	18	13	56	93.9	-4.3	0.632	4.1	-20.6	0.053
1	18	14	51	12.0	0.5	0.074	13.8	1.7	0.000
1	18	14	52	82.1	11.5	0.138	75.7	-7.8	0.465
1	18	14	54	97.2	3.5	0.070	109.2	12.4	0.030
1	18	14	55	85.8	3.5	0.070	83.2	-3.0	0.356
1	18	14	56	82.1	11.5	0.138	6.4	9.7	0.153
1	18	15	51	1.8	1.3	0.014	3.2	1.4	0.011
1	18	15	52	47.1	3.7	0.502	55.2	17.2	0.133
1	18	15	54	85.9	4.1	0.164	27.9	-67.5	0.013
1	18	15	55	74.6	4.1	0.164	79.7	6.9	0.120
1	18	15	56	47.1	3.7	0.502	1.1	-65.9	0.028
1	18	16	51	-3.6	0.3	0.536	-1.4	1.2	0.010
1	18	16	52	138.0	7.7	0.445	159.5	15.6	0.063
1	18	16	54	88.5	-0.8	0.181	70.2	-20.7	0.091
1	18	16	55	97.6	-0.8	0.181	97.4	-0.2	0.801
1	18	16	56	138.0	7.7	0.445	26.6	7.7	0.445
1	18	17	51	8.7	0.5	0.038	9.5	0.8	0.003
1	18	17	52	129.4	8.3	0.269	131.8	1.9	0.798
1	18	17	54	96.8	0.1	0.834	53.3	-44.9	0.007
1	18	17	55	98.0	0.1	0.834	98.3	0.2	0.745
1	18	17	56	129.4	8.3	0.269	18.7	-45.1	0.007
1	18	18	51	19.6	0.5	0.172	20.7	1.1	0.004
1	18	18	52	65.4	-4.1	0.557	68.1	4.0	0.729
1	18	18	54	83.6	1.4	0.621	128.5	53.7	0.007
1	18	18	55	85.1	1.4	0.621	83.1	-2.4	0.458
1	18	18	56	65.4	-4.1	0.557	9.6	52.3	0.016
1	18	19	51	21.9	1.0	0.017	22.9	0.9	0.037
1	18	19	52	55.8	-2.2	0.772	60.9	9.0	0.659
1	18	19	54	94.6	0.8	0.795	59.9	-36.7	0.032
1	18	19	55	84.4	0.8	0.795	83.3	-1.3	0.758
1	18	19	56	55.8	-2.2	0.772	3.6	-35.4	0.032
1	5	13	51	18.6	0.9	0.000	19.4	0.8	0.005
1	5	13	52	158.8	-2.9	0.793	150.1	-5.5	0.512
1	5	13	54	96.5	0.1	0.912	102.3	6.0	0.096
1	5	13	55	97.4	0.1	0.912	98.4	1.0	0.604
1	5	13	56	6.6	-0.2	0.019	7.0	6.6	0.127
1	5	14	51	10.3	0.1	0.499	11.8	1.5	0.000
1	5	14	52	101.0	4.3	0.514	105.9	4.9	0.559
1	5	14	54	92.2	1.1	0.445	134.9	46.2	0.000
1	5	14	55	91.6	1.1	0.445	91.8	0.2	0.899
1	5	14	56	5.9	0.1	0.337	8.6	44.8	0.000
1	5	15	51	1.8	1.1	0.035	3.0	1.2	0.021
1	5	15	52	45.0	1.9	0.624	45.7	1.7	0.839
1	5	15	54	86.3	4.9	0.123	38.1	-55.9	0.002
1	5	15	55	76.2	4.9	0.123	76.7	0.7	0.796
1	5	15	56	3.3	0.2	0.105	1.4	-56.7	0.003
1	5	16	51	-3.0	0.4	0.409	-1.4	1.2	0.010
1	5	16	52	107.5	1.4	0.775	118.4	10.2	0.107
1	5	16	54	90.1	0.1	0.822	89.4	-0.8	0.963
1	5	16	55	96.6	0.1	0.822	96.1	-0.5	0.348
1	5	16	56	25.2	0.8	0.356	25.7	0.8	0.356
1	5	17	51	8.0	0.4	0.094	8.8	0.7	0.005
1	5	17	52	138.4	10.3	0.191	134.6	-2.7	0.680
1	5	17	54	98.1	0.5	0.268	72.6	-25.9	0.020
1	5	17	55	98.5	0.5	0.268	97.8	-0.7	0.300
1	5	17	56	34.8	0.2	0.463	25.5	-26.6	0.017
1	5	18	51	17.3	0.5	0.073	18.3	1.0	0.000
1	5	18	52	86.0	-13.3	0.091	93.4	8.6	0.355
1	5	18	54	96.9	5.6	0.121	230.2	137.6	0.000
1	5	18	55	76.4	5.6	0.121	71.6	-6.3	0.316
1	5	18	56	6.7	0.4	0.214	15.9	138.5	0.002
1	5	19	51	19.1	1.1	0.001	19.6	0.5	0.133
1	5	19	52	94.8	-5.9	0.557	96.1	1.3	0.902
1	5	19	54	89.7	2.5	0.568	84.4	-5.9	0.297
1	5	19	55	67.4	2.5	0.568	67.0	-0.5	0.944
1	5	19	56	4.3	0.4	0.208	4.0	-6.3	0.481
1	19	13	51	20.1	0.1	0.000	21.1	1.0	0.001
1	19	13	52	170.2	16.6	0.122	170.3	0.1	0.995
1	19	13	54	90.0	-1.6	0.050	92.2	2.4	0.503
1	19	13	55	96.8	-1.6	0.050	96.0	-0.8	0.604
1	19	13	56	6.1	-0.5	0.000	6.2	1.3	0.747
1	19	14	51	12.3	-0.1	0.699	13.7	1.4	0.000
1	19	14	52	139.9	9.1	0.448	141.2	0.9	0.932
1	19	14	54	98.5	1.1	0.415	127.0	28.9	0.000
1	19	14	55	94.4	1.1	0.415	98.2	4.1	0.287
1	19	14	56	6.5	0.1	0.457	8.8	34.8	0.000
1	19	15	51	4.2	1.2	0.019	4.9	0.7	0.090
1	19	15	52	66.5	7.9	0.153	61.4	-7.6	0.433
1	19	15	54	93.5	3.5	0.141	46.7	-50.1	0.004
1	19	15	55	86.4	3.5	0.141	85.3	-1.3	0.584
1	19	15	56	4.0	0.2	0.181	2.0	-50.4	0.003
1	19	16	51	-1.1	0.6	0.166	-1.4	1.2	0.010
1	19	16	52	200.1	7.8	0.461	223.9	11.9	0.054
1	19	16	54	95.0	8.3	0.883	80.8	-15.0	0.278
1	19	16	55	97.4	8.3	0.883	94.4	-3.1	0.101
1	19	16	56	26.8	0.3	0.461	21.0	0.3	0.461
1	19	17	51	10.2	0.3	0.193	11.0	0.7	0.001
1	19	17	52	197.1	2.6	0.829	205.3	4.2	0.466
1	19	17	54	89.0	-0.7	0.154	47.4	-46.7	0.000
1	19	17	55	98.3	-0.7	0.154	96.9	-1.4	0.209
1	19	17	56	31.5	-1.2	0.045	16.7	-47.0	0.000
1	19	18	51	18.4	0.7	0.002	19.5	1.1	0.003
1	19	18	52	86.4	-0.1	0.990	88.9	2.9	0.754
1	19	18	54	93.5	-0.3	0.926	218.1	133.2	0.002
1	19	18	55	76.4	-0.3	0.926	74.9	-2.0	0.749
1	19	18	56	6.4	-0.2	0.356	14.7	129.2	0.008
1	19	19	51	20.4	0.8	0.007	21.1	0.7	0.048
1	19	19	52	91.5	7.2	0.471	99.6	9.0	0.421
1	19	19	54	95.3	-0.3	0.926	83.0	-12.9	0.061
1	19	19	55	68.7	-0.3	0.926	65.0	-5.4	0.419
1	19	19	56	4.6	-0.1	0.711	3.7	-19.5	0.022
1	22	13	51	22.3	0.1	0.000	23.4	1.0	0.009
1	22	13	52	88.9	-5.7	0.630	90.8	2.2	0.894
1	22	13	54	68.3	-1.5	0.188	47.0	-31.1	0.008
1	22	13	55	93.9	-1.5	0.188	95.2	1.4	0.634
1	22	13	56	4.5	-0.8	0.000	3.2	-29.0	0.023
1	22	14	51	13.1	0.5	0.083	14.9	1.7	0.000
1	22	14	52	73.8	11.1	0.155	70.7	-4.1	0.703
1	22	14	54	97.6	3.7	0.114	81.8	-16.2	0.007
1	22	14	55	82.7	3.7	0.114	81.3	-1.7	0.600
1	22	14	56	5.7	0.2	0.201	4.7	-16.3	0.022
1	22	15	51	3.2	1.2	0.023	4.4	1.2	0.013
1	22	15	52	43.5	0.3	0.955	50.6	16.2	0.204
1	22	15	54	91.3	1.4	0.622	24.1	-73.6	0.010
1	22	15	55	71.8	1.4	0.622	75.7	5.5	0.230
1	22	15	56	3.3	0.2	0.431	0.9	-72.7	0.020
1	22	16	51	-2.0	0.2	0.608	-1.4	1.2	0.010
1	22	16	52	121.3	5.6	0.550	138.3	14.0	0.090
1	22	16	54	94.5	-0.1	0.847	50.5	-46.5	0.013
1	22	16	55	96.6	-0.1	0.847	96.8	0.2	0.750
1	22	16	56	26.4	0.3	0.530	15.1	0.3	0.530
1	22	17	51	9.4	0.5	0.044	10.2	0.8	0.000
1	22	17	52	119.2	5.9	0.478	124.2	4.2	0.591
1	22	17	54	94.0	0.3	0.666	34.1	-63.7	0.002
1	22	17	55	97.1	0.3	0.666	97.3	0.2	0.823
1	22	17	56	32.9	-0.3	0.562	11.8	-64.1	0.002
1	22	18	51	20.3	0.5	0.100	21.3	1.0	0.002
1	22	18	52	59.3	-3.5	0.616	64.0	8.0	0.581
1	22	18	54	78.9	1.6	0.546	118.4	50.1	0.002
1	22	18	55	87.2	1.6	0.546	85.3	-2.2	0.278
1	22	18	56	6.1	-0.4	0.157	9.0	47.0	0.007
1	22	19	51	22.7	0.8	0.017	23.5	0.9	0.027
1	22	19	52	51.6	-6.8	0.351	60.4	17.0	0.450
1	22	19	54	94.5	2.8	0.354	57.5	-39.1	0.035
1	22	19	55	86.0	2.8	0.354	84.9	-1.3	0.617
1	22	19	56	5.7	0.0	0.959	3.4	-39.8	0.026
1	15	13	51	16.8	0.8	0.000	17.8	1.0	0.001
1	15	13	52	236.3	29.7	0.057	219.6	-7.0	0.419
1	15	13	54	97.6	-6.1	0.021	121.5	24.4	0.001
1	15	13	55	88.9	-6.1	0.021	91.3	2.8	0.386
1	15	13	56	6.1	-0.3	0.094	7.7	27.1	0.003
1	15	14	51	9.7	-0.2	0.387	11.2	1.5	0.000
1	15	14	52	148.1	21.0	0.066	142.4	-3.8	0.676
1	15	14	54	88.9	1.5	0.188	140.4	58.0	0.000
1	15	14	55	95.4	1.5	0.188	96.8	1.5	0.508
1	15	14	56	5.9	0.0	0.851	9.5	60.3	0.000
1	15	15	51	1.8	1.1	0.043	2.7	0.9	0.100
1	15	15	52	51.8	2.1	0.717	49.7	-4.1	0.626
1	15	15	54	86.6	4.0	0.194	42.8	-50.6	0.004
1	15	15	55	78.3	4.0	0.194	77.2	-1.4	0.500
1	15	15	56	3.4	0.3	0.075	1.6	-52.3	0.003
1	15	16	51	-2.9	0.3	0.508	-1.4	1.2	0.010
1	15	16	52	130.4	8.6	0.181	144.2	10.5	0.081
1	15	16	54	91.2	0.3	0.517	81.2	-11.0	0.437
1	15	16	55	98.3	0.3	0.517	96.7	-1.6	0.232
1	15	16	56	26.0	0.6	0.360	29.3	0.6	0.360
1	15	17	51	6.7	0.4	0.118	7.4	0.8	0.004
1	15	17	52	232.5	18.1	0.112	231.9	-0.3	0.964
1	15	17	54	96.9	-1.6	0.035	96.3	-0.6	0.946
1	15	17	55	97.0	-1.6	0.035	96.7	-0.3	0.857
1	15	17	56	33.8	-0.1	0.866	33.5	-1.0	0.912
1	15	18	51	15.1	0.6	0.003	16.1	1.0	0.003
1	15	18	52	130.4	7.4	0.491	137.3	5.3	0.524
1	15	18	54	95.5	0.0	0.000	257.6	169.7	0.003
1	15	18	55	0.0	0.0	0.000	0.0	-2.9	0.707
1	15	18	56	0.0	0.0	0.000	0.0	182.0	0.007
1	15	19	51	17.0	0.9	0.001	17.7	0.6	0.078
1	15	19	52	136.6	21.6	0.142	138.1	1.1	0.927
1	15	19	54	77.6	0.0	0.000	82.4	6.2	0.252
1	15	19	55	0.0	0.0	0.000	0.0	-2.4	0.823
1	15	19	56	0.0	0.0	0.000	0.0	3.7	0.766
1	6	13	51	19.7	1.0	0.000	20.5	0.9	0.004
1	6	13	52	136.6	0.0	0.998	128.1	-6.3	0.445
1	6	13	54	92.0	1.8	0.314	89.8	-2.4	0.451
1	6	13	55	98.8	1.8	0.314	100.9	2.1	0.083
1	6	13	56	6.4	-0.5	0.001	6.3	-0.5	0.890
1	6	14	51	10.9	0.2	0.396	12.5	1.6	0.000
1	6	14	52	93.1	7.3	0.341	93.6	0.6	0.951
1	6	14	54	94.7	1.1	0.655	131.5	38.8	0.000
1	6	14	55	89.0	1.1	0.655	89.0	0.0	0.988
1	6	14	56	5.9	0.2	0.171	8.1	37.5	0.000
1	6	15	51	1.7	1.2	0.042	2.9	1.2	0.016
1	6	15	52	43.7	1.6	0.670	41.4	-5.1	0.555
1	6	15	54	84.7	4.6	0.195	32.7	-61.4	0.002
1	6	15	55	75.4	4.6	0.195	74.4	-1.3	0.649
1	6	15	56	3.2	0.2	0.215	1.2	-63.3	0.003
1	6	16	51	-3.2	0.4	0.418	-1.4	1.2	0.010
1	6	16	52	105.5	3.0	0.612	118.8	12.6	0.058
1	6	16	54	89.4	0.0	0.927	77.3	-13.5	0.344
1	6	16	55	96.1	0.0	0.927	95.8	-0.3	0.538
1	6	16	56	24.9	0.8	0.391	24.6	0.8	0.391
1	6	17	51	8.5	0.5	0.063	9.3	0.8	0.003
1	6	17	52	130.6	3.3	0.640	133.8	2.4	0.736
1	6	17	54	97.2	4.5	0.125	62.4	-35.8	0.006
1	6	17	55	98.2	4.5	0.125	97.4	-0.8	0.163
1	6	17	56	34.4	-0.1	0.857	22.0	-36.1	0.005
1	6	18	51	18.2	0.5	0.118	19.2	1.0	0.001
1	6	18	52	82.4	-11.8	0.077	85.9	4.2	0.590
1	6	18	54	93.0	4.5	0.125	188.7	102.9	0.000
1	6	18	55	78.2	4.5	0.125	76.0	-2.8	0.553
1	6	18	56	6.5	0.1	0.569	13.1	101.8	0.001
1	6	19	51	20.1	1.1	0.001	20.8	0.6	0.067
1	6	19	52	77.4	-0.9	0.888	71.8	-7.2	0.473
1	6	19	54	93.7	0.3	0.906	78.4	-16.3	0.060
1	6	19	55	75.8	0.3	0.906	79.7	5.1	0.411
1	6	19	56	5.0	0.2	0.417	4.4	-12.0	0.206
1	16	13	51	20.7	1.0	0.000	21.8	1.1	0.002
1	16	13	52	119.0	3.2	0.755	116.5	-2.0	0.847
1	16	13	54	84.3	0.3	0.773	69.7	-17.3	0.003
1	16	13	55	97.4	0.3	0.773	98.0	0.6	0.552
1	16	13	56	5.7	-0.6	0.001	4.8	-16.4	0.008
1	16	14	51	11.8	0.2	0.453	13.5	1.7	0.000
1	16	14	52	91.7	19.7	0.008	84.8	-7.5	0.415
1	16	14	54	97.4	6.0	0.010	119.9	23.0	0.000
1	16	14	55	88.1	6.0	0.010	86.4	-2.0	0.418
1	16	14	56	6.0	0.4	0.006	7.2	19.1	0.008
1	16	15	51	2.2	1.3	0.022	3.2	1.0	0.032
1	16	15	52	39.5	3.4	0.457	37.8	-4.3	0.723
1	16	15	54	86.5	3.7	0.258	29.4	-66.0	0.004
1	16	15	55	70.9	3.7	0.258	69.1	-2.6	0.515
1	16	15	56	3.1	0.3	0.114	1.0	-67.9	0.006
1	16	16	51	-3.0	0.4	0.403	-1.4	1.2	0.010
1	16	16	52	98.9	4.6	0.573	112.7	13.9	0.063
1	16	16	54	90.5	-0.7	0.483	71.4	-21.1	0.148
1	16	16	55	94.4	-0.7	0.483	94.3	-0.1	0.920
1	16	16	56	24.7	0.4	0.566	21.9	0.4	0.566
1	16	17	51	8.8	0.5	0.052	9.6	0.8	0.000
1	16	17	52	115.7	3.4	0.665	106.0	-8.4	0.161
1	16	17	54	96.2	0.1	0.944	39.7	-58.7	0.001
1	16	17	55	96.8	0.1	0.944	96.5	-0.3	0.284
1	16	17	56	33.5	-0.1	0.858	13.9	-58.6	0.001
1	16	18	51	18.9	0.6	0.078	20.1	1.2	0.000
1	16	18	52	77.9	-8.0	0.165	74.6	-4.2	0.658
1	16	18	54	89.2	3.4	0.168	167.7	87.9	0.000
1	16	18	55	80.5	3.4	0.168	81.7	1.5	0.690
1	16	18	56	6.4	0.0	0.889	12.2	89.2	0.001
1	16	19	51	21.1	1.0	0.002	22.0	0.9	0.014
1	16	19	52	66.8	4.2	0.612	63.1	-5.5	0.621
1	16	19	54	95.8	-2.0	0.564	66.2	-30.9	0.012
1	16	19	55	79.7	-2.0	0.564	81.4	2.1	0.513
1	16	19	56	5.4	-0.1	0.695	3.8	-29.7	0.013
1	13	13	51	21.2	0.9	0.002	22.2	1.0	0.015
1	13	13	52	97.7	-3.7	0.613	100.1	2.5	0.858
1	13	13	54	80.5	-0.1	0.887	65.4	-18.7	0.015
1	13	13	55	97.2	-0.1	0.887	97.1	0.0	0.978
1	13	13	56	5.5	-0.6	0.003	4.5	-17.5	0.027
1	13	14	51	11.4	0.4	0.135	13.2	1.8	0.000
1	13	14	52	88.0	16.5	0.027	77.9	-11.5	0.277
1	13	14	54	96.2	5.0	0.014	124.8	29.8	0.000
1	13	14	55	87.4	5.0	0.014	82.7	-5.4	0.085
1	13	14	56	5.9	0.4	0.001	7.2	22.4	0.005
1	13	15	51	1.3	1.3	0.032	2.9	1.5	0.008
1	13	15	52	45.2	-0.8	0.884	51.8	14.7	0.258
1	13	15	54	83.1	5.4	0.148	28.6	-65.6	0.010
1	13	15	55	73.5	5.4	0.148	78.2	6.4	0.190
1	13	15	56	3.1	0.2	0.270	1.1	-63.5	0.023
1	13	16	51	-4.2	0.1	0.772	-1.4	1.2	0.010
1	13	16	52	125.5	0.1	0.987	146.9	17.0	0.045
1	13	16	54	84.6	-0.6	0.342	79.3	-6.2	0.696
1	13	16	55	97.5	-0.6	0.342	97.2	-0.3	0.698
1	13	16	56	23.9	0.2	0.834	39.9	0.2	0.834
1	13	17	51	8.5	0.5	0.109	9.4	0.9	0.004
1	13	17	52	120.2	2.2	0.775	114.8	-4.5	0.526
1	13	17	54	96.8	0.0	0.951	69.0	-28.7	0.058
1	13	17	55	97.4	0.0	0.951	97.5	0.1	0.896
1	13	17	56	34.0	0.2	0.557	24.2	-28.7	0.058
1	13	18	51	19.6	0.4	0.317	20.7	1.1	0.003
1	13	18	52	63.2	-2.3	0.706	68.9	8.9	0.489
1	13	18	54	83.7	0.7	0.756	133.5	59.4	0.005
1	13	18	55	86.0	0.7	0.756	81.3	-5.4	0.320
1	13	18	56	6.4	-0.3	0.337	10.1	56.5	0.020
1	13	19	51	21.7	0.8	0.034	22.6	0.9	0.029
1	13	19	52	59.6	1.4	0.837	57.8	-3.1	0.863
1	13	19	54	95.1	-0.5	0.841	62.3	-34.5	0.023
1	13	19	55	83.1	-0.5	0.841	84.2	1.3	0.826
1	13	19	56	5.5	-0.1	0.456	3.7	-33.7	0.021
1	7	13	51	18.3	0.8	0.000	19.2	0.8	0.002
1	7	13	52	174.8	22.8	0.035	177.7	1.6	0.830
1	7	13	54	97.9	-2.3	0.012	107.3	9.7	0.007
1	7	13	55	96.5	-2.3	0.012	95.8	-0.7	0.691
1	7	13	56	6.6	-0.2	0.002	7.2	8.8	0.026
1	7	14	51	10.9	-0.1	0.554	12.3	1.4	0.000
1	7	14	52	116.9	13.7	0.146	125.5	7.4	0.407
1	7	14	54	94.8	1.9	0.281	125.8	32.7	0.000
1	7	14	55	92.9	1.9	0.281	93.9	1.1	0.509
1	7	14	56	6.2	0.1	0.407	8.2	33.2	0.000
1	7	15	51	3.0	1.1	0.048	4.1	1.2	0.020
1	7	15	52	44.6	4.6	0.303	42.1	-5.6	0.516
1	7	15	54	90.4	4.3	0.152	43.6	-51.8	0.003
1	7	15	55	74.9	4.3	0.152	73.8	-1.5	0.553
1	7	15	56	3.4	0.3	0.100	1.6	-53.4	0.003
1	7	16	51	-1.9	0.4	0.425	-1.4	1.2	0.010
1	7	16	52	117.6	8.8	0.101	131.3	11.6	0.052
1	7	16	54	93.2	0.6	0.215	88.6	-4.9	0.741
1	7	16	55	97.5	0.6	0.215	97.3	-0.3	0.479
1	7	16	56	26.4	0.6	0.314	22.8	0.6	0.314
1	7	17	51	8.3	0.4	0.127	8.9	0.6	0.010
1	7	17	52	170.3	21.6	0.005	174.1	2.3	0.706
1	7	17	54	97.7	-0.4	0.076	63.8	-34.7	0.004
1	7	17	55	99.2	-0.4	0.076	98.6	-0.6	0.380
1	7	17	56	34.9	-0.2	0.490	22.6	-35.2	0.004
1	7	18	51	16.8	0.6	0.009	17.8	1.0	0.002
1	7	18	52	87.3	2.1	0.759	92.2	5.6	0.498
1	7	18	54	98.4	-1.0	0.747	232.8	136.7	0.001
1	7	18	55	76.2	-1.0	0.747	73.1	-4.2	0.476
1	7	18	56	6.8	-0.1	0.750	16.0	136.2	0.005
1	7	19	51	18.7	0.9	0.001	19.2	0.5	0.129
1	7	19	52	97.3	13.4	0.141	107.1	10.1	0.328
1	7	19	54	88.2	-6.3	0.132	86.4	-2.0	0.646
1	7	19	55	66.1	-6.3	0.132	61.5	-7.0	0.325
1	7	19	56	4.1	-0.2	0.589	3.8	-8.7	0.286
1	23	13	51	22.2	0.1	0.000	23.4	1.1	0.001
1	23	13	52	99.4	-3.5	0.660	97.3	-2.0	0.867
1	23	13	54	69.1	-0.6	0.329	47.2	-31.7	0.001
1	23	13	55	97.3	-0.6	0.329	96.8	-0.5	0.829
1	23	13	56	4.7	-0.8	0.000	3.3	-31.0	0.002
1	23	14	51	13.3	0.2	0.397	15.0	1.7	0.000
1	23	14	52	80.2	12.3	0.103	71.6	-10.7	0.271
1	23	14	54	98.0	5.0	0.055	84.5	-13.8	0.010
1	23	14	55	84.7	5.0	0.055	81.8	-3.4	0.232
1	23	14	56	5.8	0.3	0.089	4.9	-16.5	0.008
1	23	15	51	3.7	1.4	0.016	4.7	1.0	0.028
1	23	15	52	37.5	1.4	0.777	38.7	3.3	0.825
1	23	15	54	91.0	0.4	0.900	22.8	-74.9	0.010
1	23	15	55	68.2	0.4	0.900	67.6	-0.8	0.873
1	23	15	56	3.1	0.2	0.364	0.8	-75.7	0.017
1	23	16	51	-1.5	0.3	0.465	-1.4	1.2	0.010
1	23	16	52	94.9	5.1	0.541	109.7	15.6	0.076
1	23	16	54	94.7	-0.4	0.725	29.8	-68.6	0.007
1	23	16	55	93.4	-0.4	0.725	94.3	1.0	0.263
1	23	16	56	25.6	0.2	0.754	13.9	0.2	0.754
1	23	17	51	9.7	0.6	0.032	10.6	0.8	0.000
1	23	17	52	103.4	2.2	0.782	100.8	-2.6	0.679
1	23	17	54	92.0	0.2	0.820	28.3	-69.3	0.001
1	23	17	55	95.5	0.2	0.820	94.8	-0.6	0.229
1	23	17	56	31.7	-0.6	0.351	9.7	-69.4	0.001
1	23	18	51	20.1	0.6	0.058	21.3	1.2	0.000
1	23	18	52	61.1	3.5	0.489	65.0	6.4	0.644
1	23	18	54	80.5	-1.4	0.476	135.2	68.0	0.000
1	23	18	55	87.5	-1.4	0.476	86.0	-1.7	0.467
1	23	18	56	6.3	-0.5	0.038	10.5	66.4	0.000
1	23	19	51	22.5	1.0	0.003	23.5	1.0	0.007
1	23	19	52	56.1	-1.6	0.799	54.3	-3.2	0.834
1	23	19	54	94.7	0.6	0.817	57.0	-39.8	0.012
1	23	19	55	84.8	0.6	0.817	85.4	0.8	0.758
1	23	19	56	5.6	-0.1	0.483	3.4	-40.2	0.008
1	21	13	51	23.5	1.2	0.000	94.9	-1.4	0.850
1	21	13	52	88.2	-7.1	0.545	68.9	-0.3	0.589
1	21	13	54	42.7	-38.0	0.000	97.1	-0.3	0.589
1	21	13	55	96.3	-0.8	0.703	4.7	-0.8	0.000
1	21	13	56	2.9	-38.1	0.001	82.5	-1.5	0.197
1	21	14	51	15.6	1.7	0.000	80.4	12.0	0.142
1	21	14	52	73.4	-8.7	0.335	96.8	5.1	0.041
1	21	14	54	73.7	-23.9	0.000	84.5	5.1	0.041
1	21	14	55	81.7	-3.4	0.256	5.7	0.3	0.098
1	21	14	56	4.3	-25.7	0.000	17.5	1.5	0.197
1	21	15	51	5.6	0.8	0.049	37.3	2.7	0.616
1	21	15	52	40.0	7.1	0.643	91.3	-2.4	0.377
1	21	15	54	21.3	-76.7	0.013	67.1	-2.4	0.377
1	21	15	55	68.1	1.5	0.783	3.1	0.1	0.661
1	21	15	56	0.7	-77.3	0.017	76.3	-3.9	0.020
1	21	16	51	0.5	1.2	0.002	-1.4	1.2	0.010
1	21	16	52	107.4	12.2	0.176	95.1	-0.2	0.855
1	21	16	54	54.8	-42.5	0.022	93.5	-0.2	0.855
1	21	16	55	94.3	0.8	0.449	25.8	0.0	0.965
1	21	16	56	10.7	-58.5	0.007	23.7	-58.5	0.007
1	21	17	51	10.8	0.8	0.000	102.4	3.9	0.624
1	21	17	52	97.2	-5.1	0.414	90.3	0.9	0.345
1	21	17	54	25.2	-72.1	0.005	95.4	0.9	0.345
1	21	17	55	94.9	-0.5	0.426	31.1	-0.7	0.348
1	21	17	56	8.7	-72.0	0.005	64.4	-8.5	0.000
1	21	18	51	21.3	1.1	0.000	59.7	-6.9	0.102
1	21	18	52	55.9	-6.4	0.617	80.6	2.8	0.098
1	21	18	54	119.8	48.6	0.000	88.2	2.8	0.098
1	21	18	55	88.9	0.8	0.714	6.4	-0.3	0.154
1	21	18	56	9.5	49.6	0.000	35.6	8.5	0.000
1	21	19	51	23.6	1.1	0.003	51.6	-1.1	0.837
1	21	19	52	48.3	-6.5	0.649	95.6	0.0	0.984
1	21	19	54	51.7	-45.9	0.008	86.7	0.0	0.984
1	21	19	55	87.8	1.3	0.492	5.8	-0.1	0.296
1	21	19	56	3.1	-45.7	0.005	0.0	0.0	0.000
1	9	13	51	20.5	1.0	0.001	21.4	1.0	0.007
1	9	13	52	112.3	-2.7	0.772	109.3	-2.7	0.776
1	9	13	54	86.4	0.2	0.793	77.2	-10.7	0.028
1	9	13	55	97.5	0.2	0.793	97.7	0.2	0.862
1	9	13	56	5.9	-0.6	0.003	5.3	-10.3	0.040
1	9	14	51	11.2	0.3	0.264	12.9	1.7	0.000
1	9	14	52	102.2	16.1	0.037	101.8	-0.4	0.964
1	9	14	54	95.7	3.9	0.070	125.9	31.6	0.000
1	9	14	55	90.7	3.9	0.070	90.3	-0.4	0.841
1	9	14	56	6.1	0.3	0.023	7.9	29.6	0.000
1	9	15	51	1.3	1.4	0.026	2.7	1.3	0.010
1	9	15	52	44.3	1.3	0.747	43.3	-2.3	0.845
1	9	15	54	82.8	5.3	0.147	29.4	-64.5	0.005
1	9	15	55	75.1	5.3	0.147	74.9	-0.3	0.935
1	9	15	56	3.1	0.3	0.082	1.1	-64.9	0.009
1	9	16	51	-3.7	0.4	0.409	-1.4	1.2	0.010
1	9	16	52	118.9	-2.6	0.739	137.0	15.3	0.024
1	9	16	54	87.3	-0.6	0.411	117.3	34.4	0.213
1	9	16	55	97.0	-0.6	0.411	96.6	-0.4	0.334
1	9	16	56	24.5	0.6	0.489	24.0	0.6	0.489
1	9	17	51	8.7	0.5	0.074	9.5	0.9	0.001
1	9	17	52	127.2	5.4	0.459	123.1	-3.2	0.656
1	9	17	54	96.6	0.0	0.938	53.0	-45.1	0.002
1	9	17	55	98.0	0.0	0.938	97.7	-0.3	0.575
1	9	17	56	34.1	0.0	0.938	18.8	-45.0	0.002
1	9	18	51	18.9	0.5	0.187	20.0	1.0	0.001
1	9	18	52	70.5	-4.3	0.505	72.9	3.5	0.694
1	9	18	54	88.3	1.3	0.640	158.6	79.6	0.001
1	9	18	55	83.4	1.3	0.640	82.2	-1.5	0.713
1	9	18	56	6.6	-0.2	0.551	11.6	76.5	0.004
1	9	19	51	20.9	1.0	0.005	21.7	0.8	0.032
1	9	19	52	64.7	5.0	0.506	63.4	-1.9	0.868
1	9	19	54	95.2	-2.3	0.482	71.5	-24.9	0.028
1	9	19	55	80.9	-2.3	0.482	81.6	0.8	0.855
1	9	19	56	5.4	-0.1	0.534	4.0	-25.6	0.021
1	4	13	51	18.5	0.8	0.000	19.3	0.8	0.004
1	4	13	52	162.4	20.6	0.094	173.2	6.6	0.447
1	4	13	54	97.0	-1.6	0.039	104.2	7.4	0.049
1	4	13	55	96.6	-1.6	0.039	93.9	-2.7	0.195
1	4	13	56	6.6	-0.3	0.001	6.8	4.3	0.326
1	4	14	51	10.6	0.0	0.990	12.0	1.4	0.000
1	4	14	52	105.2	10.5	0.190	112.5	6.9	0.421
1	4	14	54	93.6	2.1	0.183	131.2	40.1	0.000
1	4	14	55	91.7	2.1	0.183	92.5	0.8	0.641
1	4	14	56	6.0	0.1	0.224	8.4	39.8	0.000
1	4	15	51	2.3	1.0	0.073	3.4	1.2	0.021
1	4	15	52	40.1	2.6	0.466	42.6	6.1	0.485
1	4	15	54	88.4	3.3	0.272	41.1	-53.5	0.002
1	4	15	55	72.8	3.3	0.272	73.8	1.3	0.627
1	4	15	56	3.2	0.2	0.144	1.5	-54.0	0.003
1	4	16	51	-2.5	0.3	0.592	-1.4	1.2	0.010
1	4	16	52	99.8	4.7	0.319	110.6	10.8	0.071
1	4	16	54	91.3	0.5	0.401	93.7	2.6	0.880
1	4	16	55	95.7	0.5	0.401	95.4	-0.4	0.393
1	4	16	56	25.4	0.6	0.449	24.3	0.6	0.449
1	4	17	51	8.2	0.3	0.208	8.9	0.7	0.008
1	4	17	52	134.4	11.4	0.119	136.0	1.1	0.870
1	4	17	54	97.6	0.9	0.007	67.4	-31.0	0.006
1	4	17	55	98.5	0.9	0.007	97.6	-0.8	0.291
1	4	17	56	34.6	0.4	0.158	23.6	-31.8	0.005
1	4	18	51	17.1	0.6	0.028	18.1	1.0	0.001
1	4	18	52	81.6	-6.9	0.363	88.0	7.8	0.332
1	4	18	54	97.5	3.3	0.360	236.8	142.8	0.000
1	4	18	55	78.5	3.3	0.360	74.2	-5.4	0.290
1	4	18	56	6.9	0.2	0.458	17.0	146.5	0.002
1	4	19	51	19.0	1.0	0.001	19.4	0.4	0.188
1	4	19	52	104.5	12.9	0.293	126.2	20.7	0.077
1	4	19	54	89.4	-6.5	0.281	87.1	-2.6	0.585
1	4	19	55	62.2	-6.5	0.281	55.2	-11.3	0.115
1	4	19	56	3.9	-0.1	0.714	3.4	-13.3	0.109
1	2	13	51	19.2	1.0	0.001	20.1	0.8	0.009
1	2	13	52	133.2	-8.9	0.417	130.6	-2.0	0.785
1	2	13	54	94.0	0.2	0.788	95.4	1.5	0.661
1	2	13	55	97.6	0.2	0.788	97.7	0.1	0.943
1	2	13	56	6.4	-0.4	0.011	6.5	1.5	0.678
1	2	14	51	10.0	0.3	0.152	11.6	1.6	0.000
1	2	14	52	103.1	1.5	0.801	107.4	4.2	0.623
1	2	14	54	90.5	0.6	0.592	142.7	57.7	0.000
1	2	14	55	92.4	0.6	0.592	92.4	0.0	0.977
1	2	14	56	5.8	0.2	0.073	9.1	56.3	0.000
1	2	15	51	0.4	1.3	0.040	2.0	1.6	0.007
1	2	15	52	42.9	2.5	0.481	44.5	3.6	0.730
1	2	15	54	78.0	6.9	0.088	33.1	-57.6	0.004
1	2	15	55	74.8	6.9	0.088	76.0	1.6	0.629
1	2	15	56	3.0	0.3	0.083	1.3	-57.1	0.007
1	2	16	51	-4.7	0.4	0.439	-1.4	1.2	0.010
1	2	16	52	114.1	-0.2	0.977	129.0	13.1	0.035
1	2	16	54	81.7	0.1	0.935	79.1	-3.2	0.828
1	2	16	55	96.8	0.1	0.935	96.3	-0.5	0.331
1	2	16	56	23.0	0.8	0.444	33.8	0.8	0.444
1	2	17	51	7.7	0.7	0.015	8.5	0.8	0.004
1	2	17	52	128.8	-0.1	0.991	136.2	5.8	0.438
1	2	17	54	97.8	-0.3	0.494	87.5	-10.5	0.356
1	2	17	55	98.1	-0.3	0.494	97.1	-1.0	0.049
1	2	17	56	34.5	0.3	0.459	30.6	-11.3	0.323
1	2	18	51	18.0	0.4	0.268	19.0	1.1	0.001
1	2	18	52	68.8	-13.4	0.038	67.4	-2.0	0.781
1	2	18	54	92.6	5.3	0.052	192.9	108.2	0.001
1	2	18	55	84.0	5.3	0.052	85.3	1.5	0.766
1	2	18	56	7.0	0.3	0.229	14.9	113.5	0.001
1	2	19	51	19.8	1.1	0.003	20.4	0.6	0.073
1	2	19	52	79.7	2.4	0.776	77.8	-2.3	0.807
1	2	19	54	92.1	-1.2	0.749	80.6	-12.4	0.091
1	2	19	55	74.3	-1.2	0.749	75.7	1.9	0.755
1	2	19	56	4.8	0.3	0.229	4.3	-10.9	0.185
1	11	13	51	18.4	0.9	0.000	19.3	0.9	0.002
1	11	13	52	164.6	5.7	0.538	163.1	-0.9	0.914
1	11	13	54	97.5	-0.9	0.067	107.2	10.0	0.015
1	11	13	55	97.6	-0.9	0.067	97.8	0.3	0.889
1	11	13	56	6.7	-0.2	0.000	7.3	9.7	0.043
1	11	14	51	10.7	0.0	0.891	12.2	1.4	0.000
1	11	14	52	99.9	14.5	0.099	98.4	-1.5	0.861
1	11	14	54	94.2	2.8	0.178	133.3	41.5	0.000
1	11	14	55	89.8	2.8	0.178	90.2	0.4	0.814
1	11	14	56	5.9	0.2	0.225	8.3	41.0	0.000
1	11	15	51	2.3	1.1	0.037	3.3	1.0	0.036
1	11	15	52	37.2	0.6	0.871	37.7	1.4	0.885
1	11	15	54	88.3	3.3	0.261	41.6	-52.9	0.002
1	11	15	55	70.4	3.3	0.261	69.8	-0.8	0.755
1	11	15	56	3.1	0.2	0.270	1.4	-54.7	0.002
1	11	16	51	-2.6	0.3	0.497	-1.4	1.2	0.010
1	11	16	52	103.8	-2.2	0.634	114.1	9.9	0.106
1	11	16	54	91.4	-0.1	0.820	81.2	-11.2	0.438
1	11	16	55	96.3	-0.1	0.820	95.9	-0.4	0.530
1	11	16	56	25.5	0.6	0.426	24.2	0.6	0.426
1	11	17	51	8.1	0.5	0.067	8.8	0.7	0.005
1	11	17	52	150.2	5.6	0.534	148.8	-0.9	0.882
1	11	17	54	97.9	-0.3	0.392	65.9	-32.7	0.002
1	11	17	55	98.7	-0.3	0.392	98.2	-0.5	0.574
1	11	17	56	34.8	0.0	0.902	23.2	-33.3	0.001
1	11	18	51	16.9	0.6	0.018	17.9	1.0	0.001
1	11	18	52	85.6	-5.4	0.481	90.0	5.2	0.476
1	11	18	54	98.2	2.1	0.570	232.6	137.0	0.001
1	11	18	55	76.8	2.1	0.570	73.6	-4.2	0.431
1	11	18	56	6.8	0.2	0.591	16.4	142.2	0.003
1	11	19	51	18.8	1.0	0.000	19.3	0.5	0.099
1	11	19	52	92.5	3.6	0.699	102.3	10.6	0.338
1	11	19	54	88.5	-2.0	0.647	85.6	-3.3	0.486
1	11	19	55	68.3	-2.0	0.647	62.3	-8.8	0.320
1	11	19	56	4.3	0.2	0.585	3.7	-12.7	0.169
1	10	13	51	20.5	1.0	0.001	21.5	1.0	0.010
1	10	13	52	105.5	-4.1	0.617	107.5	1.9	0.869
1	10	13	54	86.0	-0.5	0.322	75.2	-12.5	0.020
1	10	13	55	97.7	-0.5	0.322	96.9	-0.8	0.553
1	10	13	56	5.9	-0.7	0.001	5.1	-12.5	0.028
1	10	14	51	11.0	0.4	0.124	12.7	1.7	0.000
1	10	14	52	96.6	11.5	0.109	91.7	-5.1	0.593
1	10	14	54	94.8	2.5	0.135	132.1	39.2	0.000
1	10	14	55	90.2	2.5	0.135	88.1	-2.2	0.414
1	10	14	56	6.0	0.3	0.020	8.0	33.8	0.000
1	10	15	51	1.0	1.4	0.021	2.4	1.5	0.009
1	10	15	52	44.4	1.6	0.775	48.0	8.1	0.537
1	10	15	54	81.0	6.0	0.108	31.3	-61.3	0.006
1	10	15	55	73.0	6.0	0.108	75.2	3.1	0.433
1	10	15	56	3.0	0.3	0.121	1.2	-59.3	0.015
1	10	16	51	-4.3	0.3	0.530	-1.4	1.2	0.010
1	10	16	52	121.4	-0.8	0.914	141.9	16.8	0.017
1	10	16	54	84.1	-0.5	0.457	80.2	-4.7	0.753
1	10	16	55	97.4	-0.5	0.457	96.9	-0.5	0.269
1	10	16	56	23.8	0.5	0.584	31.8	0.5	0.584
1	10	17	51	8.4	0.5	0.083	9.3	0.9	0.003
1	10	17	52	125.9	7.8	0.257	118.2	-6.1	0.375
1	10	17	54	97.0	0.3	0.569	70.5	-27.3	0.058
1	10	17	55	98.0	0.3	0.569	97.6	-0.4	0.392
1	10	17	56	34.2	0.2	0.536	24.8	-27.5	0.057
1	10	18	51	19.0	0.4	0.306	20.1	1.0	0.003
1	10	18	52	68.4	-1.3	0.844	71.3	4.1	0.684
1	10	18	54	86.9	0.4	0.870	148.3	70.7	0.003
1	10	18	55	84.0	0.4	0.870	81.9	-2.6	0.534
1	10	18	56	6.5	-0.2	0.423	11.2	71.3	0.008
1	10	19	51	21.0	1.0	0.009	21.9	0.9	0.026
1	10	19	52	62.5	1.2	0.850	68.3	9.4	0.558
1	10	19	54	95.0	-0.6	0.833	68.3	-28.1	0.024
1	10	19	55	82.2	-0.6	0.833	79.4	-3.4	0.532
1	10	19	56	5.5	0.0	0.810	3.7	-31.7	0.007
1	24	13	51	22.9	0.1	0.000	24.0	1.0	0.003
1	24	13	52	79.4	0.9	0.925	80.7	1.5	0.922
1	24	13	54	61.5	-0.7	0.540	40.3	-34.5	0.004
1	24	13	55	93.7	-0.7	0.540	93.0	-0.8	0.809
1	24	13	56	4.0	-0.8	0.000	2.7	-33.8	0.010
1	24	14	51	14.0	0.4	0.122	15.7	1.7	0.000
1	24	14	52	68.8	11.5	0.068	66.8	-2.9	0.779
1	24	14	54	95.8	3.9	0.096	67.1	-29.9	0.000
1	24	14	55	81.6	3.9	0.096	80.7	-1.2	0.726
1	24	14	56	5.5	0.2	0.333	3.9	-28.7	0.000
1	24	15	51	4.5	1.3	0.016	5.6	1.1	0.013
1	24	15	52	38.9	0.3	0.950	42.3	8.9	0.536
1	24	15	54	92.6	-1.6	0.550	22.2	-76.0	0.010
1	24	15	55	69.6	-1.6	0.550	71.3	2.4	0.633
1	24	15	56	3.2	0.1	0.776	0.8	-75.8	0.019
1	24	16	51	-0.8	0.3	0.464	-1.4	1.2	0.010
1	24	16	52	95.2	8.3	0.294	111.0	16.6	0.049
1	24	16	54	95.7	-0.2	0.885	6.0	-93.7	0.031
1	24	16	55	93.8	-0.2	0.885	94.4	0.7	0.458
1	24	16	56	26.0	0.1	0.794	8.3	0.1	0.794
1	24	17	51	9.7	0.6	0.014	10.5	0.8	0.000
1	24	17	52	99.1	2.4	0.747	104.1	5.0	0.473
1	24	17	54	92.0	0.0	0.985	28.0	-69.6	0.001
1	24	17	55	95.3	0.0	0.985	95.5	0.3	0.773
1	24	17	56	31.6	-0.9	0.127	9.6	-69.6	0.002
1	24	18	51	20.6	0.7	0.027	21.6	1.0	0.000
1	24	18	52	46.9	3.2	0.400	54.4	15.9	0.330
1	24	18	54	76.2	-0.5	0.650	114.6	50.5	0.000
1	24	18	55	92.6	-0.5	0.650	90.5	-2.2	0.189
1	24	18	56	6.3	-0.6	0.024	9.4	48.6	0.001
1	24	19	51	23.2	0.9	0.007	24.1	0.8	0.016
1	24	19	52	43.4	-0.2	0.975	48.1	10.9	0.622
1	24	19	54	92.5	-0.1	0.972	57.0	-38.4	0.045
1	24	19	55	89.3	-0.1	0.972	88.6	-0.9	0.679
1	24	19	56	5.8	-0.3	0.111	3.5	-38.5	0.041
1	8	13	51	18.8	0.9	0.000	19.7	0.9	0.002
1	8	13	52	177.9	13.1	0.382	169.7	-4.6	0.600
1	8	13	54	96.4	-1.3	0.504	101.0	4.7	0.176
1	8	13	55	95.1	-1.3	0.504	96.3	1.2	0.415
1	8	13	56	6.4	-0.3	0.028	6.8	5.7	0.151
1	8	14	51	10.7	0.0	0.869	12.3	1.5	0.000
1	8	14	52	97.4	13.7	0.107	96.5	-0.9	0.921
1	8	14	54	94.2	3.2	0.106	132.4	40.4	0.000
1	8	14	55	89.3	3.2	0.106	89.3	-0.1	0.965
1	8	14	56	5.9	0.2	0.102	8.2	38.5	0.000
1	8	15	51	2.1	1.2	0.033	2.9	0.9	0.071
1	8	15	52	39.3	-1.3	0.701	38.2	-2.9	0.758
1	8	15	54	87.0	3.9	0.210	38.7	-55.5	0.002
1	8	15	55	72.4	3.9	0.210	71.9	-0.7	0.808
1	8	15	56	3.1	0.1	0.416	1.3	-57.5	0.002
1	8	16	51	-3.0	0.3	0.497	-1.4	1.2	0.010
1	8	16	52	104.9	-2.4	0.613	112.4	7.2	0.254
1	8	16	54	90.4	-0.3	0.594	88.6	-2.0	0.906
1	8	16	55	96.3	-0.3	0.594	96.3	-0.1	0.882
1	8	16	56	25.2	0.5	0.496	23.9	0.5	0.496
1	8	17	51	8.2	0.5	0.073	8.9	0.7	0.004
1	8	17	52	139.7	1.3	0.885	138.6	-0.8	0.900
1	8	17	54	97.7	-0.1	0.718	61.3	-37.3	0.001
1	8	17	55	98.4	-0.1	0.718	97.8	-0.6	0.281
1	8	17	56	34.6	0.0	0.939	21.6	-37.7	0.001
1	8	18	51	17.2	0.6	0.028	18.3	1.0	0.001
1	8	18	52	93.3	-7.3	0.438	104.2	11.7	0.147
1	8	18	54	97.5	3.2	0.493	220.0	125.5	0.001
1	8	18	55	72.8	3.2	0.493	67.7	-7.0	0.130
1	8	18	56	6.4	0.2	0.564	14.2	123.0	0.002
1	8	19	51	19.1	1.1	0.000	19.7	0.6	0.074
1	8	19	52	103.0	3.5	0.756	104.7	1.7	0.884
1	8	19	54	90.1	-1.9	0.722	81.5	-9.6	0.128
1	8	19	55	63.2	-1.9	0.722	62.8	-0.6	0.936
1	8	19	56	4.0	0.1	0.691	3.6	-10.9	0.247
1	12	13	51	20.1	1.0	0.000	21.1	1.0	0.002
1	12	13	52	125.0	-4.9	0.620	119.3	-4.5	0.612
1	12	13	54	89.4	-0.1	0.929	79.3	-11.3	0.014
1	12	13	55	97.8	-0.1	0.929	98.7	0.9	0.291
1	12	13	56	6.1	-0.6	0.001	5.5	-10.3	0.029
1	12	14	51	11.3	0.2	0.390	12.9	1.7	0.000
1	12	14	52	97.4	12.8	0.149	92.7	-4.8	0.613
1	12	14	54	96.2	4.6	0.042	119.4	24.1	0.000
1	12	14	55	88.9	4.6	0.042	88.0	-1.0	0.621
1	12	14	56	6.0	0.3	0.026	7.3	21.7	0.001
1	12	15	51	2.0	1.3	0.031	3.1	1.1	0.020
1	12	15	52	41.9	1.4	0.721	38.8	-7.3	0.504
1	12	15	54	85.8	3.9	0.238	30.2	-64.8	0.004
1	12	15	55	73.7	3.9	0.238	72.2	-2.0	0.565
1	12	15	56	3.2	0.2	0.214	1.1	-66.7	0.006
1	12	16	51	-3.1	0.4	0.412	-1.4	1.2	0.010
1	12	16	52	104.7	0.7	0.932	118.4	13.0	0.060
1	12	16	54	90.2	-1.2	0.193	150.8	67.2	0.054
1	12	16	55	95.3	-1.2	0.193	95.1	-0.2	0.674
1	12	16	56	24.9	0.3	0.663	22.0	0.3	0.663
1	12	17	51	8.7	0.5	0.053	9.6	0.9	0.000
1	12	17	52	121.9	1.5	0.831	121.2	-0.5	0.942
1	12	17	54	96.5	0.0	0.993	50.1	-48.1	0.000
1	12	17	55	97.6	0.0	0.993	97.1	-0.5	0.248
1	12	17	56	33.9	-0.1	0.830	17.6	-48.1	0.000
1	12	18	51	18.6	0.6	0.084	19.6	1.1	0.000
1	12	18	52	77.2	-10.4	0.108	74.0	-4.2	0.646
1	12	18	54	91.3	4.4	0.125	176.1	92.9	0.000
1	12	18	55	80.6	4.4	0.125	82.8	2.6	0.584
1	12	18	56	6.6	0.1	0.713	12.7	93.4	0.001
1	12	19	51	20.5	1.1	0.001	21.3	0.8	0.021
1	12	19	52	70.0	-3.1	0.660	65.2	-6.9	0.537
1	12	19	54	95.1	1.5	0.630	70.7	-25.6	0.014
1	12	19	55	78.8	1.5	0.630	81.5	3.4	0.482
1	12	19	56	5.3	0.2	0.315	4.0	-23.8	0.022
1	20	13	51	19.5	0.1	0.000	20.5	1.0	0.003
1	20	13	52	170.8	27.1	0.060	155.1	-9.2	0.338
1	20	13	54	93.3	-1.9	0.098	89.0	-4.6	0.252
1	20	13	55	95.2	-1.9	0.098	98.1	3.0	0.023
1	20	13	56	6.2	-0.5	0.000	6.1	-1.7	0.701
1	20	14	51	11.6	0.1	0.634	13.2	1.6	0.000
1	20	14	52	86.2	21.7	0.019	78.0	-9.5	0.334
1	20	14	54	97.2	8.1	0.004	124.3	27.9	0.000
1	20	14	55	84.9	8.1	0.004	84.8	-0.2	0.930
1	20	14	56	5.8	0.5	0.004	7.3	26.3	0.001
1	20	15	51	2.7	1.3	0.018	3.4	0.8	0.095
1	20	15	52	34.1	1.9	0.594	31.4	-8.0	0.463
1	20	15	54	89.5	2.1	0.508	36.4	-59.4	0.004
1	20	15	55	67.4	2.1	0.508	65.3	-3.1	0.399
1	20	15	56	3.0	0.2	0.221	1.1	-62.8	0.003
1	20	16	51	-2.0	0.4	0.425	-1.4	1.2	0.010
1	20	16	52	90.6	3.6	0.580	94.3	4.1	0.564
1	20	16	54	93.1	0.2	0.837	38.3	-58.9	0.006
1	20	16	55	93.7	0.2	0.837	93.7	0.0	0.976
1	20	16	56	25.3	0.4	0.507	21.5	0.4	0.507
1	20	17	51	8.9	0.7	0.013	9.6	0.7	0.002
1	20	17	52	155.0	-0.4	0.971	156.4	0.9	0.888
1	20	17	54	95.6	-0.5	0.350	48.7	-49.0	0.001
1	20	17	55	98.0	-0.5	0.350	97.8	-0.3	0.575
1	20	17	56	33.7	-0.6	0.201	17.2	-49.1	0.001
1	20	18	51	18.0	0.9	0.000	19.1	1.1	0.001
1	20	18	52	89.5	5.8	0.536	100.8	12.7	0.185
1	20	18	54	95.9	-3.2	0.450	191.5	99.8	0.001
1	20	18	55	74.4	-3.2	0.450	69.6	-6.4	0.179
1	20	18	56	6.4	-0.5	0.203	12.2	90.7	0.005
1	20	19	51	19.9	1.1	0.000	20.6	0.8	0.050
1	20	19	52	96.1	12.2	0.368	90.8	-5.5	0.695
1	20	19	54	94.1	-5.9	0.369	76.3	-18.9	0.038
1	20	19	55	65.7	-5.9	0.369	63.5	-3.2	0.636
1	20	19	56	4.3	-0.2	0.670	3.4	-21.7	0.041
1	1	13	51	19.1	1.0	0.000	20.0	0.8	0.006
1	1	13	52	140.1	-8.0	0.321	134.5	-4.0	0.567
1	1	13	54	94.4	0.5	0.117	96.2	1.9	0.542
1	1	13	55	98.7	0.5	0.117	99.2	0.6	0.673
1	1	13	56	6.5	-0.4	0.012	6.7	2.1	0.525
1	1	14	51	10.1	0.3	0.214	11.6	1.5	0.000
1	1	14	52	106.4	3.6	0.625	109.1	2.6	0.774
1	1	14	54	91.0	0.7	0.593	136.8	50.3	0.000
1	1	14	55	92.5	0.7	0.593	92.5	0.0	0.979
1	1	14	56	5.9	0.1	0.119	8.8	49.4	0.000
1	1	15	51	0.8	1.1	0.061	2.2	1.4	0.010
1	1	15	52	50.6	4.7	0.237	50.4	-0.3	0.972
1	1	15	54	80.3	6.0	0.130	33.6	-58.1	0.002
1	1	15	55	79.6	6.0	0.130	79.6	0.0	1.000
1	1	15	56	3.2	0.3	0.092	1.3	-58.5	0.003
1	1	16	51	-4.1	0.4	0.402	-1.4	1.2	0.010
1	1	16	52	123.7	3.8	0.607	139.3	12.6	0.043
1	1	16	54	84.9	-0.4	0.548	126.1	48.4	0.098
1	1	16	55	97.5	-0.4	0.548	97.1	-0.4	0.490
1	1	16	56	24.0	0.8	0.436	29.3	0.8	0.436
1	1	17	51	7.8	0.5	0.074	8.6	0.8	0.005
1	1	17	52	135.0	4.0	0.615	145.8	8.0	0.300
1	1	17	54	98.2	0.1	0.831	79.8	-18.7	0.100
1	1	17	55	98.4	0.1	0.831	97.5	-0.9	0.094
1	1	17	56	34.8	0.2	0.353	28.0	-19.4	0.089
1	1	18	51	17.8	0.5	0.219	18.9	1.1	0.001
1	1	18	52	76.2	-15.0	0.034	76.6	0.6	0.942
1	1	18	54	93.9	5.7	0.063	202.4	115.5	0.000
1	1	18	55	80.7	5.7	0.063	79.9	-0.9	0.867
1	1	18	56	6.8	0.3	0.217	14.8	118.5	0.001
1	1	19	51	19.7	1.1	0.001	20.3	0.6	0.088
1	1	19	52	80.2	-2.6	0.723	76.9	-4.2	0.645
1	1	19	54	91.8	1.3	0.687	81.4	-11.4	0.130
1	1	19	55	74.4	1.3	0.687	76.6	3.0	0.615
1	1	19	56	4.8	0.2	0.326	4.4	-9.4	0.264