1	1	1	7.3	0.4	0.401	8.5	1.2	0.000
1	1	2	3.2	0.5	0.016	4.5	1.3	0.000
1	1	3	11.9	0.6	0.002	13.0	1.1	0.000
1	1	22	632.5	-0.4	0.756	655.9	3.7	0.397
1	1	32	61.3	-1.5	0.000	61.8	0.8	0.197
1	1	35	2.3	-0.2	0.000	2.2	-0.1	0.044
1	1	36	16.5	-0.5	0.000	14.9	-1.6	0.130
1	4	1	-4.1	0.4	0.401	-1.4	1.2	0.010
1	4	2	-6.9	0.6	0.290	-5.1	1.8	0.004
1	4	3	-1.3	0.3	0.479	0.1	1.4	0.006
1	4	22	123.7	3.8	0.607	139.3	12.6	0.043
1	4	32	76.1	0.6	0.245	76.7	0.6	0.245
1	4	35	2.7	-0.2	0.003	2.7	-0.2	0.003
1	4	36	11.7	-0.4	0.000	9.0	-2.7	0.195
1	5	1	7.8	0.5	0.067	8.6	0.8	0.005
1	5	2	3.1	0.3	0.241	4.0	0.9	0.004
1	5	3	12.9	0.6	0.052	13.5	0.6	0.022
1	5	22	135.0	4.0	0.615	145.8	8.0	0.300
1	5	32	52.0	-2.3	0.002	53.0	1.8	0.145
1	5	35	2.5	-0.1	0.007	2.6	0.1	0.425
1	5	36	13.1	-0.4	0.011	12.8	-0.3	0.851
1	6	1	18.7	0.8	0.002	19.6	0.9	0.000
1	6	2	13.2	0.6	0.007	14.1	0.9	0.000
1	6	3	24.6	1.0	0.002	25.6	1.0	0.004
1	6	22	216.3	-23.0	0.044	211.1	-2.4	0.667
1	6	32	50.4	-2.7	0.005	50.0	-0.8	0.504
1	6	35	1.9	-0.2	0.000	2.0	0.1	0.470
1	6	36	11.1	-1.3	0.009	9.8	-0.4	0.433
1	7	1	7.0	0.6	0.028	8.5	1.5	0.000
1	7	2	3.3	0.5	0.046	4.9	1.6	0.000
1	7	3	11.3	0.6	0.024	12.7	1.4	0.000
1	7	22	156.9	8.3	0.327	159.5	1.6	0.827
1	7	32	65.9	-0.6	0.505	66.9	1.5	0.026
1	7	35	2.3	-0.2	0.000	2.4	0.1	0.554
1	7	36	10.3	-0.4	0.433	8.5	-1.8	0.439
2	1	1	7.1	0.4	0.439	8.3	1.2	0.000
2	1	2	3.0	0.5	0.022	4.3	1.3	0.000
2	1	3	11.5	0.6	0.004	12.6	1.1	0.000
2	1	22	591.4	-1.4	0.346	615.5	4.1	0.352
2	1	32	61.1	-1.4	0.002	61.6	0.8	0.208
2	1	35	2.5	-0.1	0.002	2.4	-0.1	0.040
2	1	36	14.9	-0.3	0.004	13.1	-1.8	0.089
2	4	1	-4.7	0.4	0.439	-1.4	1.2	0.010
2	4	2	-7.5	0.5	0.403	-5.7	1.8	0.006
2	4	3	-1.9	0.3	0.487	-0.5	1.4	0.006
2	4	22	114.1	-0.2	0.977	129.0	13.1	0.035
2	4	32	76.3	0.3	0.651	76.8	0.3	0.651
2	4	35	2.9	-0.2	0.041	2.9	-0.2	0.041
2	4	36	11.2	-0.4	0.000	8.2	-3.0	0.145
2	5	1	7.7	0.7	0.013	8.5	0.8	0.004
2	5	2	3.0	0.3	0.326	4.0	1.0	0.004
2	5	3	12.6	0.5	0.103	13.3	0.7	0.019
2	5	22	128.8	-0.1	0.991	136.2	5.8	0.438
2	5	32	52.0	-1.8	0.011	53.2	2.3	0.088
2	5	35	2.6	0.0	0.454	2.7	0.1	0.362
2	5	36	12.2	-0.2	0.104	12.4	0.2	0.874
2	6	1	18.8	0.8	0.004	19.7	0.9	0.001
2	6	2	13.4	0.6	0.010	14.3	0.9	0.000
2	6	3	24.6	1.0	0.004	25.5	0.9	0.005
2	6	22	202.0	-22.3	0.056	198.0	-2.0	0.748
2	6	32	49.7	-3.0	0.002	49.3	-0.8	0.529
2	6	35	2.1	0.0	0.310	2.2	0.1	0.481
2	6	36	11.4	-1.5	0.097	9.9	-0.3	0.369
2	7	1	6.8	0.7	0.015	8.4	1.6	0.000
2	7	2	3.2	0.6	0.026	4.9	1.7	0.000
2	7	3	10.9	0.7	0.020	12.4	1.5	0.000
2	7	22	146.0	4.0	0.596	151.8	4.0	0.586
2	7	32	66.2	-0.6	0.389	67.1	1.3	0.106
2	7	35	2.5	-0.1	0.010	2.6	0.1	0.552
2	7	36	9.8	-0.3	0.369	7.6	-2.2	0.345
3	1	1	8.1	0.3	0.531	9.2	1.1	0.000
3	1	2	3.9	1.1	0.020	5.0	1.1	0.000
3	1	3	12.5	0.5	0.012	13.6	1.1	0.000
3	1	22	628.3	6.1	0.000	678.8	8.0	0.052
3	1	32	60.0	-0.3	0.402	60.7	1.2	0.036
3	1	35	2.4	-0.3	0.000	2.3	-0.1	0.029
3	1	36	12.2	-0.6	0.000	10.4	-1.8	0.122
3	4	1	-2.9	0.3	0.531	-1.4	1.2	0.010
3	4	2	-5.6	0.7	0.215	-4.2	1.4	0.007
3	4	3	0.5	0.3	0.540	1.6	1.1	0.007
3	4	22	108.5	6.3	0.282	120.5	11.0	0.064
3	4	32	74.2	0.4	0.292	74.9	0.4	0.292
3	4	35	2.8	-0.5	0.000	2.8	-0.5	0.000
3	4	36	13.5	-0.6	0.000	10.7	-2.8	0.298
3	5	1	8.4	0.4	0.135	9.2	0.8	0.001
3	5	2	3.7	0.7	0.060	4.4	0.7	0.002
3	5	3	13.5	0.5	0.095	14.3	0.8	0.005
3	5	22	141.0	16.9	0.011	147.1	4.3	0.510
3	5	32	51.8	-1.0	0.154	52.1	0.7	0.530
3	5	35	2.6	-0.2	0.000	2.7	0.1	0.438
3	5	36	12.7	-0.4	0.001	12.2	-0.5	0.785
3	6	1	18.8	0.7	0.000	19.8	1.0	0.000
3	6	2	13.4	1.7	0.024	14.4	1.0	0.000
3	6	3	23.9	0.8	0.001	24.9	1.0	0.005
3	6	22	235.2	29.1	0.027	258.5	9.9	0.115
3	6	32	50.8	-0.9	0.205	51.3	1.0	0.351
3	6	35	1.9	-0.2	0.009	1.9	0.0	0.756
3	6	36	10.8	-2.5	0.012	8.3	-0.5	0.164
3	7	1	8.0	0.0	0.895	9.4	1.4	0.000
3	7	2	4.3	1.0	0.049	5.7	1.4	0.000
3	7	3	12.3	0.5	0.092	13.6	1.3	0.000
3	7	22	142.7	6.4	0.557	152.1	6.6	0.285
3	7	32	63.2	0.4	0.536	64.6	2.1	0.001
3	7	35	2.3	-0.3	0.001	2.4	0.1	0.604
3	7	36	11.9	-0.5	0.164	10.8	-1.1	0.658
4	1	1	7.9	0.3	0.590	8.9	1.0	0.000
4	1	2	3.6	0.3	0.090	4.8	1.2	0.000
4	1	3	12.5	0.4	0.019	13.5	1.0	0.000
4	1	22	624.1	4.6	0.007	667.5	7.0	0.119
4	1	32	61.2	0.0	0.955	61.8	1.0	0.120
4	1	35	2.7	-0.3	0.000	2.6	-0.1	0.013
4	1	36	16.8	-0.4	0.043	14.8	-2.0	0.074
4	4	1	-2.5	0.3	0.590	-1.4	1.2	0.010
4	4	2	-5.3	0.3	0.628	-3.8	1.5	0.006
4	4	3	0.2	0.2	0.616	1.4	1.2	0.012
4	4	22	99.8	4.7	0.319	110.6	10.8	0.071
4	4	32	74.9	1.3	0.013	75.4	1.3	0.013
4	4	35	3.2	-0.4	0.000	3.2	-0.4	0.000
4	4	36	12.0	-0.4	0.068	8.6	-3.4	0.193
4	5	1	8.2	0.3	0.195	8.9	0.7	0.008
4	5	2	3.4	0.2	0.411	4.2	0.8	0.004
4	5	3	13.5	0.4	0.185	14.1	0.6	0.026
4	5	22	134.4	11.4	0.119	136.0	1.1	0.870
4	5	32	52.6	-0.8	0.259	52.8	0.4	0.723
4	5	35	2.8	-0.3	0.000	2.9	0.1	0.466
4	5	36	13.4	-0.2	0.225	12.7	-0.7	0.654
4	6	1	18.1	0.8	0.000	19.0	0.9	0.000
4	6	2	12.5	0.6	0.006	13.4	0.9	0.000
4	6	3	24.0	0.8	0.001	24.8	0.8	0.010
4	6	22	244.0	13.6	0.358	261.2	7.0	0.292
4	6	32	52.2	-0.9	0.247	52.6	0.8	0.549
4	6	35	2.2	-0.2	0.000	2.2	0.0	0.756
4	6	36	11.3	-2.2	0.046	9.1	-0.4	0.204
4	7	1	7.8	0.3	0.139	9.1	1.3	0.000
4	7	2	4.0	0.2	0.386	5.5	1.5	0.000
4	7	3	12.2	0.4	0.131	13.4	1.2	0.000
4	7	22	145.4	13.1	0.161	155.0	6.7	0.316
4	7	32	65.3	0.5	0.445	66.7	2.1	0.003
4	7	35	2.7	-0.3	0.000	2.8	0.1	0.675
4	7	36	10.4	-0.4	0.204	8.8	-1.6	0.519
5	1	1	7.6	0.4	0.410	8.7	1.1	0.000
5	1	2	3.5	0.5	0.012	4.7	1.2	0.000
5	1	3	12.2	0.6	0.004	13.2	1.0	0.000
5	1	22	637.9	0.5	0.727	650.8	2.0	0.649
5	1	32	60.7	-0.8	0.020	61.1	0.7	0.284
5	1	35	2.5	-0.3	0.000	2.4	-0.1	0.018
5	1	36	11.0	-0.8	0.000	9.3	-1.7	0.126
5	4	1	-3.0	0.4	0.410	-1.4	1.2	0.010
5	4	2	-5.7	0.6	0.298	-4.1	1.6	0.006
5	4	3	-0.3	0.3	0.546	0.9	1.2	0.010
5	4	22	107.5	1.4	0.775	118.4	10.2	0.107
5	4	32	74.4	0.9	0.028	74.8	0.9	0.028
5	4	35	2.9	-0.5	0.000	2.9	-0.5	0.000
5	4	36	11.6	-0.8	0.000	8.4	-3.2	0.173
5	5	1	8.0	0.4	0.078	8.7	0.7	0.005
5	5	2	3.3	0.3	0.206	4.1	0.8	0.004
5	5	3	13.3	0.5	0.070	14.0	0.7	0.017
5	5	22	138.4	10.3	0.191	134.6	-2.7	0.680
5	5	32	51.1	-1.6	0.015	51.3	0.3	0.755
5	5	35	2.6	-0.3	0.000	2.7	0.1	0.488
5	5	36	11.5	-0.6	0.000	10.9	-0.6	0.720
5	6	1	18.2	0.8	0.000	19.1	0.9	0.000
5	6	2	12.8	0.6	0.002	13.7	0.9	0.000
5	6	3	24.0	0.9	0.000	24.9	0.9	0.006
5	6	22	246.0	-16.2	0.254	243.8	-0.9	0.889
5	6	32	51.8	-1.7	0.033	51.7	-0.2	0.900
5	6	35	2.0	-0.2	0.000	2.1	0.1	0.607
5	6	36	9.8	-1.5	0.000	8.3	-0.7	0.368
5	7	1	7.5	0.5	0.027	8.9	1.4	0.000
5	7	2	3.8	0.4	0.063	5.3	1.5	0.000
5	7	3	11.8	0.5	0.034	13.1	1.3	0.000
5	7	22	146.0	6.2	0.437	151.6	3.9	0.567
5	7	32	65.3	-0.2	0.725	66.5	1.9	0.006
5	7	35	2.5	-0.4	0.000	2.6	0.1	0.643
5	7	36	10.9	-0.7	0.368	9.7	-1.2	0.614
6	1	1	8.0	0.4	0.433	9.1	1.1	0.000
6	1	2	3.9	0.5	0.017	5.1	1.2	0.000
6	1	3	12.6	0.6	0.003	13.7	1.1	0.000
6	1	22	591.7	0.6	0.640	608.1	2.8	0.557
6	1	32	59.2	0.0	0.952	59.5	0.6	0.402
6	1	35	2.6	-0.2	0.000	2.5	-0.1	0.037
6	1	36	12.8	-0.4	0.000	11.4	-1.4	0.206
6	4	1	-3.2	0.4	0.433	-1.4	1.2	0.010
6	4	2	-5.9	0.5	0.345	-4.3	1.6	0.005
6	4	3	-0.4	0.3	0.508	0.9	1.3	0.007
6	4	22	105.5	3.0	0.612	118.8	12.6	0.058
6	4	32	73.7	1.0	0.065	74.3	1.0	0.065
6	4	35	3.0	-0.3	0.000	3.0	-0.3	0.000
6	4	36	13.1	-0.4	0.000	11.0	-2.1	0.363
6	5	1	8.5	0.5	0.074	9.3	0.8	0.003
6	5	2	3.8	0.3	0.197	4.6	0.8	0.004
6	5	3	13.5	0.7	0.038	14.2	0.7	0.011
6	5	22	130.6	3.3	0.640	133.8	2.4	0.736
6	5	32	50.4	-2.0	0.006	50.8	1.0	0.434
6	5	35	2.8	-0.2	0.001	2.9	0.1	0.476
6	5	36	13.6	-0.3	0.001	13.3	-0.3	0.845
6	6	1	19.2	0.8	0.001	20.1	0.9	0.000
6	6	2	13.7	0.6	0.004	14.6	0.9	0.000
6	6	3	25.0	1.0	0.000	26.0	1.0	0.005
6	6	22	219.0	-11.8	0.190	213.1	-2.7	0.669
6	6	32	49.2	-2.3	0.004	48.8	-0.9	0.528
6	6	35	2.1	-0.2	0.000	2.2	0.1	0.480
6	6	36	11.8	-1.1	0.009	10.7	-0.4	0.495
6	7	1	7.8	0.5	0.043	9.3	1.5	0.000
6	7	2	4.1	0.4	0.056	5.7	1.6	0.000
6	7	3	12.2	0.5	0.044	13.6	1.4	0.000
6	7	22	136.7	8.9	0.306	134.9	-1.3	0.861
6	7	32	63.4	0.2	0.775	64.3	1.4	0.072
6	7	35	2.5	-0.2	0.000	2.6	0.1	0.618
6	7	36	12.6	-0.4	0.495	10.8	-1.8	0.462
7	1	1	7.8	0.4	0.420	8.8	1.0	0.000
7	1	2	3.5	0.3	0.032	4.6	1.1	0.000
7	1	3	12.6	0.5	0.008	13.5	0.9	0.000
7	1	22	778.1	6.3	0.004	801.7	3.0	0.469
7	1	32	61.2	-0.1	0.717	61.7	0.8	0.200
7	1	35	2.4	-0.3	0.000	2.3	-0.1	0.018
7	1	36	15.0	-0.6	0.000	13.4	-1.6	0.148
7	4	1	-2.1	0.4	0.420	-1.4	1.2	0.010
7	4	2	-5.2	0.4	0.431	-4.0	1.2	0.011
7	4	3	1.4	0.4	0.420	2.4	1.0	0.016
7	4	22	127.0	9.4	0.114	141.5	11.4	0.040
7	4	32	71.0	0.6	0.211	71.4	0.6	0.211
7	4	35	2.9	-0.5	0.000	2.9	-0.5	0.000
7	4	36	17.0	-0.8	0.000	15.6	-1.4	0.621
7	5	1	7.9	0.4	0.106	8.6	0.7	0.010
7	5	2	3.1	0.2	0.342	3.8	0.7	0.009
7	5	3	13.3	0.5	0.094	13.9	0.6	0.016
7	5	22	186.7	16.0	0.047	189.7	1.6	0.762
7	5	32	54.1	-0.9	0.166	54.1	0.1	0.930
7	5	35	2.5	-0.2	0.001	2.6	0.1	0.548
7	5	36	15.3	-0.4	0.003	14.3	-1.0	0.586
7	6	1	17.3	0.7	0.000	18.2	0.9	0.000
7	6	2	12.1	0.6	0.000	13.1	1.0	0.000
7	6	3	23.3	0.8	0.000	24.2	0.9	0.004
7	6	22	285.8	18.5	0.187	289.0	1.1	0.854
7	6	32	55.3	-0.4	0.579	55.8	0.8	0.478
7	6	35	1.9	-0.1	0.021	1.9	0.0	0.849
7	6	36	12.7	-2.9	0.001	9.8	-0.4	0.072
7	7	1	8.0	0.3	0.172	9.3	1.3	0.000
7	7	2	4.2	0.2	0.318	5.5	1.3	0.000
7	7	3	12.6	0.4	0.165	13.8	1.2	0.000
7	7	22	177.8	16.5	0.165	177.5	-0.2	0.977
7	7	32	64.5	0.3	0.650	65.6	1.6	0.031
7	7	35	2.3	-0.2	0.007	2.4	0.1	0.592
7	7	36	14.4	-0.4	0.072	13.0	-1.4	0.625
8	1	1	7.8	0.3	0.493	8.9	1.1	0.000
8	1	2	3.8	0.4	0.013	4.9	1.1	0.000
8	1	3	12.3	0.5	0.011	13.3	1.0	0.000
8	1	22	652.6	2.1	0.299	660.6	1.2	0.789
8	1	32	62.0	-0.7	0.116	62.2	0.3	0.678
8	1	35	3.2	-0.2	0.001	3.1	-0.1	0.013
8	1	36	18.8	-0.5	0.001	16.9	-1.9	0.072
8	4	1	-3.0	0.3	0.493	-1.4	1.2	0.010
8	4	2	-5.7	0.4	0.459	-4.2	1.5	0.005
8	4	3	-0.2	0.3	0.563	0.9	1.1	0.009
8	4	22	104.9	-2.4	0.613	112.4	7.2	0.254
8	4	32	76.3	0.8	0.101	76.4	0.8	0.101
8	4	35	3.7	-0.3	0.008	3.7	-0.3	0.008
8	4	36	13.8	-0.5	0.004	10.6	-3.2	0.223
8	5	1	8.2	0.5	0.064	8.9	0.7	0.004
8	5	2	3.6	0.3	0.197	4.3	0.7	0.004
8	5	3	13.3	0.6	0.066	14.0	0.7	0.011
8	5	22	139.7	1.3	0.885	138.6	-0.8	0.900
8	5	32	53.3	-1.9	0.030	53.2	-0.2	0.856
8	5	35	3.4	-0.1	0.212	3.5	0.1	0.482
8	5	36	15.4	-0.3	0.025	14.8	-0.6	0.680
8	6	1	18.2	0.8	0.000	19.2	1.0	0.000
8	6	2	13.1	0.6	0.001	14.1	1.0	0.000
8	6	3	23.9	0.9	0.000	24.9	1.0	0.005
8	6	22	271.2	5.8	0.701	273.2	0.7	0.914
8	6	32	53.6	-2.3	0.123	53.5	-0.2	0.873
8	6	35	2.6	0.0	0.469	2.7	0.1	0.609
8	6	36	13.2	-1.8	0.021	11.4	-0.4	0.213
8	7	1	7.9	0.4	0.059	9.2	1.3	0.000
8	7	2	4.2	0.4	0.069	5.6	1.4	0.000
8	7	3	12.3	0.4	0.134	13.6	1.3	0.000
8	7	22	136.7	12.5	0.216	134.6	-1.5	0.831
8	7	32	65.3	0.3	0.697	66.2	1.3	0.094
8	7	35	3.1	-0.2	0.116	3.1	0.0	0.767
8	7	36	12.0	-0.4	0.213	9.8	-2.2	0.354
9	1	1	8.2	0.4	0.409	9.5	1.3	0.000
9	1	2	4.2	0.6	0.007	5.5	1.3	0.000
9	1	3	12.7	0.6	0.004	13.9	1.2	0.000
9	1	22	575.4	1.8	0.332	588.3	2.2	0.624
9	1	32	58.9	-0.7	0.118	59.1	0.3	0.740
9	1	35	2.6	-0.1	0.000	2.5	-0.1	0.037
9	1	36	12.1	-0.3	0.003	10.8	-1.3	0.199
9	4	1	-3.7	0.4	0.409	-1.4	1.2	0.010
9	4	2	-6.3	0.5	0.393	-4.5	1.8	0.004
9	4	3	-0.9	0.3	0.452	0.6	1.5	0.003
9	4	22	118.9	-2.6	0.739	137.0	15.3	0.024
9	4	32	75.4	0.6	0.248	75.9	0.6	0.248
9	4	35	2.9	-0.2	0.005	2.9	-0.2	0.005
9	4	36	13.0	-0.4	0.000	11.0	-2.0	0.350
9	5	1	8.7	0.5	0.068	9.6	0.9	0.001
9	5	2	4.2	0.4	0.148	5.1	0.9	0.002
9	5	3	13.6	0.6	0.081	14.4	0.8	0.006
9	5	22	127.2	5.4	0.459	123.1	-3.2	0.656
9	5	32	50.3	-1.5	0.083	50.9	1.2	0.398
9	5	35	2.7	-0.1	0.021	2.8	0.1	0.332
9	5	36	12.7	-0.2	0.056	13.5	0.8	0.556
9	6	1	20.0	0.8	0.003	21.0	1.0	0.001
9	6	2	14.6	0.7	0.003	15.5	0.9	0.000
9	6	3	25.8	1.0	0.003	26.9	1.1	0.007
9	6	22	182.7	-7.0	0.520	182.0	-0.4	0.953
9	6	32	46.6	-1.9	0.053	45.9	-1.5	0.399
9	6	35	2.1	0.0	0.291	2.2	0.1	0.526
9	6	36	10.9	-1.6	0.638	9.3	-0.3	0.287
9	7	1	7.9	0.6	0.016	9.5	1.6	0.000
9	7	2	4.3	0.7	0.008	5.9	1.6	0.000
9	7	3	12.3	0.6	0.037	13.8	1.5	0.000
9	7	22	146.5	17.5	0.050	144.9	-1.1	0.893
9	7	32	62.9	0.5	0.579	63.5	0.9	0.398
9	7	35	2.5	-0.1	0.015	2.6	0.1	0.525
9	7	36	11.7	-0.3	0.287	9.9	-1.8	0.434
10	1	1	8.0	0.3	0.581	9.3	1.3	0.000
10	1	2	3.7	0.6	0.009	5.0	1.3	0.000
10	1	3	12.5	0.7	0.002	13.8	1.3	0.000
10	1	22	562.8	1.8	0.331	579.7	3.0	0.512
10	1	32	58.3	-0.9	0.072	58.5	0.3	0.728
10	1	35	2.6	-0.2	0.000	2.5	-0.1	0.007
10	1	36	16.9	-0.3	0.001	15.2	-1.7	0.041
10	4	1	-4.3	0.3	0.581	-1.4	1.2	0.010
10	4	2	-7.0	0.4	0.471	-5.1	1.9	0.003
10	4	3	-1.5	0.3	0.459	0.1	1.6	0.003
10	4	22	121.4	-0.8	0.914	141.9	16.8	0.017
10	4	32	76.2	0.3	0.544	76.6	0.3	0.544
10	4	35	3.1	-0.2	0.006	3.1	-0.2	0.006
10	4	36	12.7	-0.5	0.000	9.2	-3.5	0.104
10	5	1	8.4	0.3	0.336	9.3	0.9	0.003
10	5	2	3.7	0.4	0.157	4.6	0.9	0.005
10	5	3	13.5	0.6	0.069	14.3	0.8	0.013
10	5	22	125.9	7.8	0.257	118.2	-6.1	0.375
10	5	32	50.1	-1.8	0.046	50.9	1.6	0.275
10	5	35	2.8	-0.2	0.000	1.8	-1.0	0.000
10	5	36	13.7	-0.3	0.004	13.9	0.2	0.887
10	6	1	20.0	0.4	0.109	21.0	1.0	0.001
10	6	2	14.3	0.6	0.009	15.2	0.9	0.000
10	6	3	26.1	1.0	0.004	27.2	1.1	0.009
10	6	22	173.9	-5.4	0.622	178.7	2.8	0.731
10	6	32	45.0	-1.9	0.073	44.2	-1.7	0.393
10	6	35	2.1	-0.1	0.001	2.2	0.1	0.625
10	6	36	12.4	-2.0	0.112	10.4	-0.4	0.174
10	7	1	7.7	0.5	0.037	9.3	1.6	0.000
10	7	2	3.8	0.7	0.008	5.4	1.6	0.000
10	7	3	12.1	0.8	0.010	13.7	1.6	0.000
10	7	22	141.0	13.0	0.176	140.7	-0.3	0.975
10	7	32	61.9	0.2	0.848	62.3	0.7	0.534
10	7	35	2.5	-0.2	0.000	2.6	0.1	0.439
10	7	36	11.6	-0.4	0.174	10.5	-1.1	0.606
11	1	1	7.8	0.3	0.498	8.8	1.0	0.000
11	1	2	4.0	0.5	0.006	5.1	1.1	0.000
11	1	3	12.2	0.5	0.008	13.2	1.0	0.000
11	1	22	641.5	2.3	0.260	654.1	2.0	0.668
11	1	32	61.7	-0.7	0.133	62.0	0.5	0.486
11	1	35	2.7	-0.1	0.001	2.6	-0.1	0.012
11	1	36	18.4	-0.4	0.004	16.2	-2.2	0.053
11	4	1	-2.6	0.3	0.498	-1.4	1.2	0.010
11	4	2	-5.2	0.4	0.408	-3.8	1.4	0.008
11	4	3	0.1	0.3	0.562	1.2	1.1	0.012
11	4	22	103.8	-2.2	0.634	114.1	9.9	0.106
11	4	32	74.1	0.2	0.790	74.2	0.2	0.790
11	4	35	3.2	-0.3	0.003	3.2	-0.3	0.003
11	4	36	13.7	-0.4	0.006	9.8	-3.9	0.172
11	5	1	8.1	0.5	0.050	8.8	0.7	0.005
11	5	2	3.8	0.4	0.094	4.5	0.7	0.004
11	5	3	13.0	0.6	0.071	13.6	0.6	0.017
11	5	22	150.2	5.6	0.534	148.8	-0.9	0.882
11	5	32	53.8	-1.2	0.114	53.6	-0.2	0.821
11	5	35	2.8	-0.1	0.045	2.9	0.1	0.444
11	5	36	15.1	-0.3	0.033	14.4	-0.7	0.666
11	6	1	17.9	0.8	0.000	18.8	0.9	0.000
11	6	2	13.0	0.7	0.000	14.0	1.0	0.000
11	6	3	23.4	0.9	0.000	24.3	0.9	0.005
11	6	22	250.1	0.3	0.980	253.0	1.1	0.858
11	6	32	53.6	-1.2	0.099	53.8	0.3	0.817
11	6	35	2.2	0.0	0.236	2.2	0.0	0.751
11	6	36	12.8	-2.7	0.124	10.1	-0.2	0.083
11	7	1	7.9	0.4	0.080	9.2	1.3	0.000
11	7	2	4.4	0.3	0.086	5.7	1.3	0.000
11	7	3	12.2	0.4	0.126	13.5	1.3	0.000
11	7	22	137.2	15.1	0.141	136.3	-0.6	0.933
11	7	32	65.3	-0.3	0.638	66.3	1.4	0.058
11	7	35	2.7	-0.1	0.024	2.7	0.0	0.748
11	7	36	11.7	-0.2	0.083	10.1	-1.6	0.511
12	1	1	8.3	0.4	0.411	9.5	1.2	0.000
12	1	2	4.1	0.5	0.012	5.3	1.2	0.000
12	1	3	12.9	0.6	0.004	14.1	1.2	0.000
12	1	22	567.7	0.6	0.774	568.1	0.1	0.988
12	1	32	59.2	-1.2	0.006	59.3	0.0	0.952
12	1	35	2.4	-0.3	0.000	2.4	0.0	0.170
12	1	36	18.8	-0.5	0.000	17.9	-0.9	0.367
12	4	1	-3.1	0.4	0.411	-1.4	1.2	0.010
12	4	2	-5.9	0.6	0.326	-4.4	1.5	0.004
12	4	3	-0.2	0.3	0.482	1.1	1.3	0.004
12	4	22	104.7	0.7	0.932	118.4	13.0	0.060
12	4	32	74.4	0.5	0.320	74.9	0.5	0.320
12	4	35	2.7	-0.4	0.000	2.7	-0.4	0.000
12	4	36	12.9	-0.5	0.000	11.9	-1.0	0.659
12	5	1	8.7	0.6	0.044	9.6	0.9	0.000
12	5	2	3.8	0.3	0.263	4.6	0.8	0.001
12	5	3	13.8	0.6	0.071	14.7	0.9	0.001
12	5	22	121.9	1.5	0.831	121.2	-0.5	0.942
12	5	32	51.1	-2.5	0.006	51.2	0.2	0.863
12	5	35	2.5	-0.2	0.001	2.6	0.1	0.365
12	5	36	14.7	-0.4	0.000	15.1	0.4	0.782
12	6	1	19.6	0.9	0.000	20.6	1.0	0.000
12	6	2	14.0	0.6	0.002	14.9	0.9	0.000
12	6	3	25.5	1.0	0.000	26.6	1.1	0.003
12	6	22	202.3	-15.2	0.169	193.4	-4.4	0.512
12	6	32	48.4	-2.5	0.003	47.6	-1.6	0.321
12	6	35	2.0	-0.2	0.001	2.1	0.1	0.415
12	6	36	12.3	-1.0	0.000	11.3	-0.5	0.526
12	7	1	8.2	0.6	0.018	9.7	1.5	0.000
12	7	2	4.3	0.5	0.020	5.8	1.5	0.000
12	7	3	12.7	0.5	0.056	14.2	1.5	0.000
12	7	22	139.3	14.2	0.176	131.4	-5.7	0.490
12	7	32	63.1	0.2	0.810	63.6	0.8	0.385
12	7	35	2.3	-0.3	0.001	2.4	0.1	0.617
12	7	36	11.2	-0.5	0.526	9.2	-2.0	0.397
13	1	1	8.3	0.1	0.811	9.7	1.4	0.000
13	1	2	3.5	0.5	0.022	5.0	1.5	0.000
13	1	3	13.3	0.7	0.003	14.6	1.3	0.000
13	1	22	540.0	1.6	0.465	565.4	4.7	0.314
13	1	32	56.5	-1.2	0.033	56.7	0.3	0.794
13	1	35	2.8	-0.3	0.000	2.7	-0.1	0.026
13	1	36	13.8	-0.6	0.000	12.2	-1.6	0.061
13	4	1	-4.2	0.1	0.811	-1.4	1.2	0.010
13	4	2	-7.1	0.2	0.686	-4.9	2.2	0.001
13	4	3	-1.1	0.2	0.649	0.7	1.8	0.001
13	4	22	125.5	0.1	0.987	146.9	17.0	0.045
13	4	32	75.0	0.4	0.450	75.2	0.4	0.450
13	4	35	3.2	-0.4	0.001	3.2	-0.4	0.001
13	4	36	14.9	-0.8	0.000	10.9	-4.0	0.089
13	5	1	8.5	0.3	0.334	9.4	0.9	0.004
13	5	2	3.3	0.3	0.224	4.2	0.9	0.002
13	5	3	14.1	0.6	0.086	14.8	0.7	0.030
13	5	22	120.2	2.2	0.775	114.8	-4.5	0.526
13	5	32	49.3	-1.8	0.071	50.3	2.0	0.190
13	5	35	3.0	-0.3	0.000	3.1	0.1	0.369
13	5	36	14.7	-0.4	0.002	14.9	0.2	0.916
13	6	1	20.6	0.4	0.084	21.7	1.1	0.002
13	6	2	14.3	0.5	0.022	15.3	1.0	0.000
13	6	3	27.3	1.0	0.004	28.4	1.1	0.014
13	6	22	160.9	-6.0	0.553	169.1	5.1	0.593
13	6	32	42.3	-2.7	0.016	41.6	-1.6	0.487
13	6	35	2.2	-0.2	0.000	2.3	0.1	0.583
13	6	36	12.1	-1.7	0.074	10.4	-0.5	0.221
13	7	1	8.1	0.5	0.051	9.8	1.7	0.000
13	7	2	3.6	0.7	0.020	5.3	1.7	0.000
13	7	3	13.0	0.8	0.006	14.7	1.7	0.000
13	7	22	133.2	15.7	0.111	129.8	-2.6	0.774
13	7	32	59.3	-0.3	0.732	59.6	0.5	0.734
13	7	35	2.7	-0.3	0.000	2.8	0.1	0.351
13	7	36	13.3	-0.5	0.221	12.9	-0.4	0.834
14	1	1	7.9	0.3	0.500	8.9	1.0	0.000
14	1	2	4.2	0.5	0.006	5.3	1.1	0.000
14	1	3	12.8	0.5	0.010	13.7	0.9	0.000
14	1	22	610.0	0.7	0.670	608.9	-0.2	0.968
14	1	32	61.8	-0.7	0.104	62.5	1.2	0.036
14	1	35	2.4	-0.2	0.000	2.3	-0.1	0.051
14	1	36	12.5	-0.6	0.000	10.9	-1.6	0.147
14	4	1	-2.3	0.3	0.500	-1.4	1.2	0.010
14	4	2	-4.8	0.5	0.389	-3.3	1.5	0.008
14	4	3	0.0	0.2	0.615	1.1	1.1	0.013
14	4	22	98.2	1.5	0.786	106.6	8.5	0.237
14	4	32	75.5	1.3	0.041	76.2	1.3	0.041
14	4	35	2.9	-0.3	0.002	2.9	-0.3	0.002
14	4	36	14.0	-0.4	0.001	11.6	-2.4	0.338
14	5	1	8.2	0.5	0.050	8.9	0.7	0.010
14	5	2	3.7	0.3	0.120	4.5	0.8	0.006
14	5	3	13.7	0.6	0.062	14.3	0.6	0.023
14	5	22	134.4	-2.9	0.730	133.7	-0.5	0.933
14	5	32	52.8	-2.3	0.014	53.1	0.7	0.530
14	5	35	2.5	-0.1	0.005	2.6	0.1	0.504
14	5	36	13.0	-0.5	0.001	12.4	-0.6	0.660
14	6	1	18.0	0.9	0.000	18.8	0.8	0.000
14	6	2	13.2	0.7	0.000	14.1	0.9	0.000
14	6	3	24.8	0.9	0.000	25.5	0.7	0.011
14	6	22	246.1	-4.0	0.755	247.1	0.4	0.946
14	6	32	52.5	-2.0	0.009	53.0	1.0	0.351
14	6	35	2.0	-0.1	0.003	2.1	0.1	0.452
14	6	36	10.7	-0.9	0.048	9.8	-0.4	0.520
14	7	1	7.9	0.5	0.026	9.2	1.3	0.000
14	7	2	4.6	0.6	0.019	6.0	1.4	0.000
14	7	3	12.7	0.4	0.115	13.9	1.2	0.000
14	7	22	131.4	9.4	0.359	120.3	-8.4	0.260
14	7	32	66.6	0.5	0.502	68.0	2.1	0.001
14	7	35	2.3	-0.2	0.001	2.3	0.0	0.723
14	7	36	12.1	-0.4	0.520	9.8	-2.3	0.325
15	1	1	6.8	0.3	0.500	7.8	1.0	0.000
15	1	2	2.8	0.4	0.018	3.9	1.1	0.000
15	1	3	11.4	0.5	0.014	12.4	1.0	0.000
15	1	22	931.3	9.2	0.007	933.6	0.2	0.958
15	1	32	61.0	0.0	0.992	61.2	0.3	0.705
15	1	35	2.8	-0.2	0.001	2.7	-0.1	0.034
15	1	36	32.2	-0.4	0.158	30.6	-1.6	0.198
15	4	1	-2.9	0.3	0.500	-1.4	1.2	0.010
15	4	2	-6.1	0.3	0.451	-4.7	1.4	0.010
15	4	3	0.7	0.2	0.587	1.6	0.9	0.020
15	4	22	130.4	8.6	0.181	144.2	10.5	0.081
15	4	32	67.7	1.3	0.151	67.7	1.3	0.151
15	4	35	3.6	-0.4	0.023	3.6	-0.4	0.023
15	4	36	21.5	-0.6	0.093	20.8	-0.7	0.840
15	5	1	6.7	0.4	0.118	7.5	0.8	0.004
15	5	2	2.3	0.3	0.234	3.1	0.8	0.003
15	5	3	11.6	0.6	0.063	12.4	0.8	0.007
15	5	22	232.5	18.1	0.112	231.9	-0.3	0.964
15	5	32	55.9	-1.3	0.061	55.6	-0.4	0.665
15	5	35	2.8	-0.1	0.090	2.9	0.1	0.504
15	5	36	25.8	-0.2	0.274	25.5	-0.3	0.874
15	6	1	16.2	0.7	0.000	17.2	1.0	0.000
15	6	2	11.6	0.7	0.000	12.6	1.0	0.000
15	6	3	21.5	0.9	0.000	22.5	1.0	0.005
15	6	22	366.7	37.1	0.085	356.5	-2.8	0.688
15	6	32	57.3	-0.7	0.345	57.5	0.4	0.786
15	6	35	2.2	-0.1	0.041	2.2	0.0	0.906
15	6	36	16.6	-3.5	0.026	13.1	-0.3	0.046
15	7	1	7.1	0.2	0.285	8.4	1.3	0.000
15	7	2	3.4	0.2	0.251	4.6	1.2	0.000
15	7	3	11.6	0.3	0.327	12.9	1.3	0.000
15	7	22	199.9	23.0	0.092	192.1	-3.9	0.604
15	7	32	63.4	0.7	0.353	64.1	1.2	0.209
15	7	35	2.7	-0.2	0.096	2.7	0.0	0.751
15	7	36	16.7	-0.3	0.046	14.5	-2.2	0.525
16	1	1	8.6	0.4	0.397	9.8	1.2	0.000
16	1	2	4.3	0.6	0.004	5.5	1.2	0.000
16	1	3	13.3	0.7	0.002	14.6	1.3	0.000
16	1	22	542.5	3.0	0.135	535.6	-1.3	0.772
16	1	32	58.5	-0.6	0.205	58.3	-0.3	0.750
16	1	35	2.7	-0.2	0.000	2.7	0.0	0.273
16	1	36	11.2	-0.4	0.000	10.5	-0.7	0.445
16	4	1	-3.0	0.4	0.397	-1.4	1.2	0.010
16	4	2	-5.7	0.5	0.328	-4.1	1.6	0.002
16	4	3	-0.2	0.4	0.397	1.2	1.4	0.002
16	4	22	98.9	4.6	0.573	112.7	13.9	0.063
16	4	32	75.6	0.5	0.336	75.9	0.5	0.336
16	4	35	3.0	-0.3	0.003	3.0	-0.3	0.003
16	4	36	11.9	-0.4	0.000	10.6	-1.3	0.556
16	5	1	8.8	0.6	0.045	9.6	0.8	0.000
16	5	2	4.0	0.4	0.130	4.8	0.8	0.001
16	5	3	14.1	0.7	0.035	15.0	0.9	0.002
16	5	22	115.7	3.4	0.665	106.0	-8.4	0.161
16	5	32	50.6	-1.9	0.037	50.6	0.1	0.927
16	5	35	2.9	-0.2	0.000	3.0	0.1	0.312
16	5	36	11.7	-0.4	0.002	12.3	0.6	0.654
16	6	1	20.1	0.9	0.001	21.2	1.1	0.000
16	6	2	14.5	0.7	0.001	15.5	1.0	0.000
16	6	3	26.1	1.1	0.001	27.3	1.2	0.003
16	6	22	196.9	-4.8	0.675	191.2	-2.9	0.697
16	6	32	46.0	-1.6	0.086	44.8	-2.7	0.206
16	6	35	2.1	-0.1	0.000	2.2	0.1	0.333
16	6	36	10.1	-0.4	0.004	9.7	-0.4	0.751
16	7	1	8.6	0.6	0.015	10.1	1.5	0.000
16	7	2	4.6	0.7	0.007	6.1	1.5	0.000
16	7	3	13.2	0.5	0.049	14.7	1.5	0.000
16	7	22	131.2	23.1	0.013	122.9	-6.3	0.450
16	7	32	61.5	1.4	0.136	61.9	0.7	0.544
16	7	35	2.6	-0.2	0.001	2.7	0.1	0.503
16	7	36	11.0	-0.4	0.751	9.3	-1.7	0.442
17	1	1	9.0	0.2	0.594	10.3	1.3	0.000
17	1	2	4.6	0.6	0.003	5.9	1.3	0.000
17	1	3	13.8	0.6	0.006	15.1	1.3	0.000
17	1	22	520.7	3.0	0.113	538.2	3.4	0.480
17	1	32	57.2	-0.6	0.225	57.2	0.0	0.972
17	1	35	3.1	-0.3	0.000	3.1	0.0	0.158
17	1	36	14.9	-0.5	0.003	13.8	-1.1	0.162
17	4	1	-3.0	0.2	0.594	-1.4	1.2	0.010
17	4	2	-5.7	0.3	0.538	-3.9	1.8	0.001
17	4	3	0.0	0.2	0.560	1.6	1.6	0.001
17	4	22	113.2	5.1	0.547	131.3	15.9	0.031
17	4	32	76.1	0.3	0.591	76.2	0.3	0.591
17	4	35	3.5	-0.4	0.003	3.5	-0.4	0.003
17	4	36	16.2	-0.7	0.000	14.5	-1.7	0.444
17	5	1	9.1	0.3	0.236	9.9	0.8	0.001
17	5	2	4.4	0.6	0.021	5.2	0.8	0.001
17	5	3	14.5	0.6	0.098	15.3	0.8	0.006
17	5	22	121.2	9.5	0.187	118.7	-2.1	0.779
17	5	32	50.0	-1.7	0.075	50.5	1.2	0.428
17	5	35	3.4	-0.4	0.000	3.5	0.1	0.315
17	5	36	16.2	-0.5	0.001	16.4	0.2	0.893
17	6	1	20.9	0.5	0.046	22.0	1.1	0.001
17	6	2	15.0	0.6	0.002	16.0	1.0	0.000
17	6	3	27.1	0.9	0.005	28.2	1.1	0.010
17	6	22	162.6	0.1	0.990	167.1	2.8	0.760
17	6	32	43.0	-1.1	0.254	42.2	-1.8	0.415
17	6	35	2.5	-0.2	0.000	2.6	0.1	0.573
17	6	36	13.2	-1.9	0.003	11.3	-0.6	0.160
17	7	1	8.9	0.5	0.039	10.5	1.6	0.000
17	7	2	4.7	0.7	0.006	6.2	1.5	0.000
17	7	3	13.6	0.6	0.026	15.2	1.6	0.000
17	7	22	123.0	14.3	0.076	119.2	-3.1	0.686
17	7	32	59.5	0.7	0.439	59.9	0.6	0.623
17	7	35	3.0	-0.3	0.000	3.1	0.1	0.439
17	7	36	14.2	-0.6	0.160	13.1	-1.1	0.605
18	1	1	8.6	0.2	0.626	9.9	1.3	0.000
18	1	2	4.5	0.6	0.003	5.9	1.4	0.000
18	1	3	13.2	0.7	0.002	14.5	1.3	0.000
18	1	22	556.6	2.7	0.204	596.0	7.1	0.157
18	1	32	58.6	-0.7	0.223	58.9	0.5	0.672
18	1	35	3.2	-0.4	0.000	3.2	0.0	0.252
18	1	36	14.4	-0.7	0.000	13.3	-1.1	0.160
18	4	1	-3.6	0.2	0.626	-1.4	1.2	0.010
18	4	2	-6.2	0.3	0.539	-4.1	2.1	0.001
18	4	3	-0.7	0.2	0.669	1.0	1.7	0.000
18	4	22	138.0	7.7	0.445	159.5	15.6	0.063
18	4	32	77.3	0.8	0.110	77.3	0.8	0.110
18	4	35	3.6	-0.4	0.001	3.6	-0.4	0.001
18	4	36	15.4	-0.9	0.000	12.8	-2.6	0.277
18	5	1	8.7	0.2	0.318	9.5	0.8	0.003
18	5	2	4.3	0.4	0.090	5.2	0.9	0.001
18	5	3	13.6	0.6	0.075	14.3	0.7	0.034
18	5	22	129.4	8.3	0.269	131.8	1.9	0.798
18	5	32	52.2	-1.1	0.231	53.4	2.2	0.129
18	5	35	3.4	-0.4	0.000	3.5	0.1	0.416
18	5	36	14.9	-0.6	0.000	15.1	0.2	0.893
18	6	1	20.9	0.4	0.109	21.9	1.0	0.004
18	6	2	15.4	0.7	0.002	16.5	1.1	0.000
18	6	3	26.7	1.0	0.002	27.8	1.1	0.029
18	6	22	159.3	-8.4	0.488	175.2	9.9	0.385
18	6	32	44.1	-2.3	0.038	43.6	-1.2	0.660
18	6	35	2.5	-0.2	0.000	2.6	0.1	0.569
18	6	36	13.0	-1.5	0.001	11.5	-0.7	0.290
18	7	1	8.6	0.5	0.030	10.2	1.6	0.000
18	7	2	4.7	0.8	0.005	6.3	1.6	0.000
18	7	3	13.1	0.8	0.006	14.7	1.6	0.000
18	7	22	129.2	15.2	0.113	130.4	0.9	0.913
18	7	32	60.7	0.3	0.750	61.2	0.7	0.616
18	7	35	3.1	-0.4	0.000	3.2	0.1	0.322
18	7	36	14.2	-0.7	0.290	13.8	-0.4	0.845
19	1	1	7.7	0.6	0.150	8.7	1.0	0.000
19	1	2	3.6	0.4	0.002	4.7	1.1	0.000
19	1	3	12.6	0.5	0.000	13.6	1.0	0.000
19	1	22	1058.2	4.4	0.143	1076.8	1.8	0.674
19	1	32	60.4	-0.2	0.561	60.6	0.4	0.563
19	1	35	1.9	-0.1	0.000	1.9	0.0	0.172
19	1	36	20.9	-0.1	0.118	19.7	-1.2	0.256
19	4	1	-2.5	0.6	0.150	-1.4	1.2	0.010
19	4	2	-5.3	0.6	0.172	-4.2	1.1	0.022
19	4	3	1.0	0.4	0.199	1.7	0.7	0.033
19	4	22	231.5	7.0	0.601	259.1	11.9	0.045
19	4	32	72.2	0.0	0.979	72.9	0.0	0.979
19	4	35	2.0	-0.1	0.102	2.0	-0.1	0.102
19	4	36	23.8	-0.2	0.040	23.2	-0.6	0.787
19	5	1	8.0	0.3	0.181	8.8	0.8	0.001
19	5	2	3.3	0.1	0.539	4.1	0.8	0.003
19	5	3	13.7	0.3	0.221	14.6	0.9	0.001
19	5	22	245.8	6.9	0.623	250.6	1.9	0.708
19	5	32	52.7	-0.8	0.254	52.3	-0.7	0.477
19	5	35	2.1	-0.1	0.018	2.2	0.1	0.368
19	5	36	21.6	-0.2	0.014	22.0	0.4	0.824
19	6	1	17.3	0.8	0.000	18.3	1.0	0.000
19	6	2	12.1	0.6	0.000	13.1	1.0	0.000
19	6	3	23.3	0.9	0.000	24.3	1.0	0.004
19	6	22	316.2	11.7	0.518	309.7	-2.1	0.740
19	6	32	53.4	-0.4	0.638	53.4	0.0	0.979
19	6	35	1.6	-0.1	0.002	1.6	0.0	0.672
19	6	36	17.2	-2.3	0.114	14.9	-0.1	0.109
19	7	1	7.9	0.3	0.107	9.1	1.2	0.000
19	7	2	4.1	0.3	0.154	5.3	1.2	0.000
19	7	3	12.5	0.5	0.055	13.7	1.2	0.000
19	7	22	261.0	14.2	0.473	249.2	-4.5	0.555
19	7	32	63.2	0.3	0.619	63.9	1.3	0.170
19	7	35	1.8	-0.1	0.128	1.8	0.0	0.685
19	7	36	21.3	-0.1	0.109	18.7	-2.6	0.321
20	1	1	7.0	0.3	0.444	8.1	1.1	0.000
20	1	2	2.2	0.4	0.004	3.3	1.1	0.000
20	1	3	12.6	0.4	0.059	13.7	1.1	0.000
20	1	22	730.8	4.1	0.137	715.6	-2.1	0.653
20	1	32	59.2	0.5	0.352	59.2	0.0	0.979
20	1	35	2.4	-0.2	0.000	2.3	-0.1	0.028
20	1	36	15.3	-0.4	0.000	13.7	-1.6	0.137
20	4	1	-3.3	0.3	0.444	-1.4	1.2	0.010
20	4	2	-7.3	0.4	0.346	-6.0	1.3	0.007
20	4	3	1.1	0.2	0.722	2.1	1.0	0.010
20	4	22	93.3	2.1	0.695	98.4	5.5	0.403
20	4	32	70.2	2.4	0.010	70.1	2.4	0.010
20	4	35	2.5	-0.3	0.000	2.5	-0.3	0.000
20	4	36	11.1	-0.4	0.001	9.7	-1.4	0.624
20	5	1	7.1	0.7	0.015	7.9	0.8	0.001
20	5	2	2.0	0.3	0.161	2.7	0.7	0.002
20	5	3	13.0	0.5	0.142	13.8	0.8	0.004
20	5	22	180.2	-2.1	0.849	179.2	-0.5	0.928
20	5	32	53.2	-0.9	0.303	52.9	-0.6	0.562
20	5	35	2.6	-0.2	0.000	2.7	0.1	0.463
20	5	36	12.5	-0.4	0.000	12.0	-0.5	0.737
20	6	1	17.1	1.0	0.000	18.1	1.0	0.000
20	6	2	11.6	0.7	0.000	12.6	1.0	0.000
20	6	3	23.2	0.8	0.000	24.3	1.1	0.005
20	6	22	319.9	19.7	0.256	307.8	-3.8	0.574
20	6	32	52.5	-1.0	0.219	52.3	-0.4	0.799
20	6	35	2.2	-0.2	0.001	2.2	0.0	0.706
20	6	36	10.6	-2.4	0.000	8.2	-0.3	0.126
20	7	1	7.1	0.5	0.031	8.4	1.3	0.000
20	7	2	2.6	0.4	0.054	3.9	1.3	0.000
20	7	3	12.8	0.1	0.673	14.2	1.4	0.000
20	7	22	136.8	18.1	0.085	126.0	-7.9	0.305
20	7	32	61.6	1.5	0.080	62.1	0.8	0.362
20	7	35	2.2	-0.2	0.019	2.2	0.0	0.758
20	7	36	9.8	-0.3	0.126	7.4	-2.4	0.372
21	1	1	10.4	0.3	0.437	11.6	1.2	0.000
21	1	2	6.1	0.5	0.002	7.2	1.1	0.000
21	1	3	15.2	0.7	0.003	16.4	1.2	0.000
21	1	22	470.4	1.9	0.277	468.4	-0.4	0.931
21	1	32	57.8	-0.6	0.286	57.5	-0.6	0.518
21	1	35	2.8	-0.1	0.000	2.8	0.0	0.566
21	1	36	14.0	-0.2	0.051	13.7	-0.3	0.751
21	4	1	-0.6	0.3	0.437	-1.4	1.2	0.010
21	4	2	-3.6	0.3	0.464	-2.5	1.1	0.002
21	4	3	2.7	0.4	0.412	3.9	1.2	0.002
21	4	22	95.7	4.7	0.580	107.4	12.2	0.176
21	4	32	72.0	0.4	0.631	72.2	0.4	0.631
21	4	35	3.1	-0.2	0.022	3.1	-0.2	0.022
21	4	36	15.0	-0.2	0.018	14.8	-0.2	0.921
21	5	1	10.0	0.6	0.022	10.8	0.8	0.000
21	5	2	5.4	0.4	0.059	6.2	0.8	0.000
21	5	3	15.2	0.7	0.032	16.0	0.8	0.001
21	5	22	102.4	3.9	0.624	97.2	-5.1	0.414
21	5	32	53.1	-2.2	0.041	52.6	-1.0	0.476
21	5	35	3.0	-0.1	0.050	3.1	0.1	0.310
21	5	36	14.2	-0.2	0.072	14.4	0.2	0.910
21	6	1	21.6	0.9	0.000	22.8	1.2	0.000
21	6	2	16.0	0.7	0.000	17.1	1.1	0.000
21	6	3	27.4	1.1	0.000	28.7	1.3	0.001
21	6	22	154.6	-8.3	0.346	144.1	-6.8	0.436
21	6	32	46.6	-1.9	0.030	45.5	-2.5	0.246
21	6	35	2.5	-0.1	0.067	2.6	0.1	0.394
21	6	36	12.9	-0.2	0.107	12.7	-0.3	0.905
21	7	1	10.8	0.5	0.016	12.2	1.4	0.000
21	7	2	6.6	0.6	0.008	8.0	1.4	0.000
21	7	3	15.5	0.5	0.060	17.0	1.5	0.000
21	7	22	117.7	14.7	0.170	114.4	-2.8	0.757
21	7	32	59.8	1.1	0.159	60.0	0.3	0.716
21	7	35	2.8	-0.1	0.031	2.9	0.1	0.387
21	7	36	13.9	-0.3	0.905	12.8	-1.1	0.602
22	1	1	9.7	0.1	0.785	11.0	1.3	0.000
22	1	2	5.4	0.6	0.003	6.7	1.3	0.000
22	1	3	14.4	0.6	0.005	15.6	1.2	0.000
22	1	22	506.6	1.7	0.497	541.6	6.9	0.156
22	1	32	58.6	-0.3	0.557	58.7	0.1	0.894
22	1	35	2.7	-0.2	0.000	2.7	0.0	0.450
22	1	36	16.3	-0.5	0.001	15.8	-0.5	0.508
22	4	1	-2.0	0.1	0.785	-1.4	1.2	0.010
22	4	2	-4.7	0.3	0.577	-3.0	1.7	0.001
22	4	3	1.0	0.2	0.660	2.6	1.6	0.000
22	4	22	121.3	5.6	0.550	138.3	14.0	0.090
22	4	32	76.5	0.6	0.225	76.5	0.6	0.225
22	4	35	3.1	-0.2	0.101	3.1	-0.2	0.101
22	4	36	17.7	-0.6	0.001	17.1	-0.6	0.804
22	5	1	9.4	0.2	0.521	10.2	0.8	0.000
22	5	2	4.8	0.4	0.095	5.7	0.9	0.000
22	5	3	14.5	0.5	0.099	15.2	0.7	0.007
22	5	22	119.2	5.9	0.478	124.2	4.2	0.591
22	5	32	53.5	-1.0	0.276	54.1	1.1	0.418
22	5	35	2.9	-0.2	0.001	3.0	0.1	0.336
22	5	36	17.3	-0.3	0.007	17.4	0.1	0.959
22	6	1	21.6	0.3	0.172	22.6	1.0	0.002
22	6	2	15.9	0.7	0.001	17.0	1.1	0.000
22	6	3	27.7	0.9	0.003	28.7	1.0	0.013
22	6	22	148.2	-9.2	0.562	154.9	4.5	0.695
22	6	32	44.1	-1.0	0.270	43.6	-1.2	0.616
22	6	35	2.2	-0.1	0.001	2.3	0.1	0.453
22	6	36	14.4	-1.1	0.004	13.3	-0.4	0.425
22	7	1	9.8	0.4	0.083	11.3	1.5	0.000
22	7	2	5.7	0.8	0.004	7.2	1.5	0.000
22	7	3	14.5	0.6	0.011	16.0	1.5	0.000
22	7	22	117.3	11.4	0.215	121.7	3.8	0.638
22	7	32	60.3	0.8	0.370	60.6	0.4	0.693
22	7	35	2.6	-0.1	0.068	2.7	0.1	0.388
22	7	36	16.0	-0.4	0.425	15.5	-0.5	0.774
23	1	1	10.0	0.3	0.468	11.2	1.2	0.000
23	1	2	5.6	0.5	0.005	6.8	1.2	0.000
23	1	3	14.8	0.7	0.002	16.0	1.2	0.000
23	1	22	476.8	2.4	0.247	486.6	2.1	0.680
23	1	32	56.3	-0.7	0.134	56.1	-0.3	0.708
23	1	35	2.8	0.0	0.557	2.8	0.0	0.574
23	1	36	12.4	0.1	0.263	12.2	-0.2	0.811
23	4	1	-1.5	0.3	0.468	-1.4	1.2	0.010
23	4	2	-4.3	0.4	0.477	-2.9	1.4	0.001
23	4	3	1.6	0.3	0.470	2.9	1.3	0.001
23	4	22	94.9	5.1	0.541	109.7	15.6	0.076
23	4	32	73.3	0.7	0.293	73.5	0.7	0.293
23	4	35	3.1	-0.1	0.537	3.1	-0.1	0.537
23	4	36	13.3	0.0	0.910	13.3	0.0	0.995
23	5	1	9.7	0.6	0.028	10.5	0.8	0.000
23	5	2	4.9	0.3	0.153	5.7	0.8	0.000
23	5	3	15.1	0.7	0.024	15.9	0.8	0.001
23	5	22	103.4	2.2	0.782	100.8	-2.6	0.679
23	5	32	50.2	-2.2	0.023	50.1	-0.3	0.825
23	5	35	3.1	-0.1	0.265	3.2	0.1	0.321
23	5	36	13.1	0.1	0.386	13.2	0.1	0.943
23	6	1	21.5	0.9	0.000	22.6	1.1	0.000
23	6	2	15.7	0.6	0.001	16.8	1.1	0.000
23	6	3	27.7	1.1	0.000	28.9	1.2	0.002
23	6	22	160.5	0.0	0.997	162.1	1.0	0.913
23	6	32	42.8	-1.9	0.040	41.8	-2.3	0.267
23	6	35	2.4	0.0	0.587	2.5	0.1	0.398
23	6	36	11.0	0.0	0.218	11.0	-0.1	0.996
23	7	1	10.1	0.6	0.009	11.6	1.5	0.000
23	7	2	5.9	0.6	0.006	7.3	1.4	0.000
23	7	3	14.9	0.6	0.022	16.4	1.5	0.000
23	7	22	117.7	13.7	0.143	111.4	-5.4	0.558
23	7	32	58.8	0.9	0.276	59.1	0.5	0.590
23	7	35	2.7	0.0	0.699	2.8	0.1	0.375
23	7	36	12.3	-0.1	0.996	11.4	-0.9	0.670
24	1	1	10.5	0.3	0.462	11.7	1.2	0.000
24	1	2	6.3	0.5	0.003	7.5	1.2	0.000
24	1	3	15.0	0.7	0.001	16.2	1.2	0.000
24	1	22	429.4	2.9	0.154	463.4	7.9	0.125
24	1	32	58.6	-0.5	0.292	58.6	0.1	0.940
24	1	35	3.3	-0.2	0.000	3.3	0.0	0.599
24	1	36	26.4	0.0	0.707	26.1	-0.3	0.757
24	4	1	-0.8	0.3	0.462	-1.4	1.2	0.010
24	4	2	-3.5	0.3	0.548	-2.2	1.3	0.001
24	4	3	2.3	0.3	0.395	3.7	1.4	0.001
24	4	22	95.2	8.3	0.294	111.0	16.6	0.049
24	4	32	75.6	-0.3	0.534	75.7	-0.3	0.534
24	4	35	3.7	-0.3	0.018	3.7	-0.3	0.018
24	4	36	18.0	-0.1	0.209	18.5	0.5	0.817
24	5	1	9.7	0.7	0.012	10.5	0.8	0.000
24	5	2	5.3	0.4	0.062	6.1	0.8	0.000
24	5	3	14.7	0.7	0.026	15.5	0.8	0.001
24	5	22	99.1	2.4	0.747	104.1	5.0	0.473
24	5	32	55.5	-1.9	0.043	55.7	0.4	0.762
24	5	35	3.6	-0.3	0.000	3.7	0.1	0.372
24	5	36	20.3	-0.1	0.673	19.9	-0.4	0.814
24	6	1	22.2	0.9	0.000	23.2	1.0	0.000
24	6	2	16.6	0.7	0.000	17.7	1.1	0.000
24	6	3	27.9	1.0	0.000	28.9	1.0	0.006
24	6	22	126.3	4.1	0.702	135.1	7.0	0.542
24	6	32	44.8	-0.2	0.736	44.4	-0.9	0.635
24	6	35	2.8	-0.2	0.001	2.9	0.1	0.472
24	6	36	16.7	-1.1	0.314	15.6	-0.4	0.435
24	7	1	10.8	0.7	0.003	12.3	1.5	0.000
24	7	2	6.7	0.7	0.005	8.2	1.5	0.000
24	7	3	15.4	0.7	0.008	16.9	1.5	0.000
24	7	22	107.7	11.8	0.145	109.9	2.1	0.815
24	7	32	63.8	1.0	0.210	64.1	0.5	0.527
24	7	35	3.2	-0.2	0.009	3.3	0.1	0.333
24	7	36	15.8	-0.4	0.435	15.5	-0.3	0.868
25	1	1	11.1	0.2	0.431	12.3	1.2	0.000
25	1	2	7.3	0.5	0.001	8.4	1.1	0.000
25	1	3	15.5	0.7	0.000	16.7	1.2	0.000
25	1	22	515.2	1.8	0.419	542.9	5.4	0.280
25	1	32	59.1	-0.9	0.036	59.0	-0.2	0.725
25	1	35	3.4	-0.2	0.000	3.4	0.0	0.963
25	1	36	19.4	-0.2	0.044	20.0	0.6	0.515
25	4	1	1.6	0.2	0.431	-1.4	1.2	0.010
25	4	2	-1.3	0.2	0.475	-0.2	1.1	0.001
25	4	3	4.9	0.3	0.278	6.1	1.2	0.001
25	4	22	136.2	4.4	0.595	155.7	14.3	0.070
25	4	32	70.2	-0.4	0.416	70.2	-0.4	0.416
25	4	35	3.8	-0.2	0.000	3.8	-0.2	0.000
25	4	36	22.3	-0.3	0.014	24.4	2.1	0.405
25	5	1	9.5	0.5	0.024	10.3	0.8	0.000
25	5	2	5.6	0.3	0.081	6.4	0.8	0.000
25	5	3	14.2	0.5	0.043	15.0	0.8	0.001
25	5	22	109.1	0.5	0.934	107.3	-1.7	0.817
25	5	32	57.1	-1.6	0.033	57.1	0.1	0.894
25	5	35	3.5	-0.2	0.000	3.6	0.1	0.333
25	5	36	19.3	-0.1	0.368	19.1	-0.2	0.922
25	6	1	21.5	0.9	0.000	22.6	1.1	0.000
25	6	2	16.8	0.7	0.000	17.9	1.1	0.000
25	6	3	26.6	1.0	0.000	27.7	1.1	0.001
25	6	22	136.1	-5.3	0.640	141.1	3.6	0.737
25	6	32	49.3	-1.3	0.083	48.8	-1.0	0.530
25	6	35	3.0	-0.1	0.010	3.1	0.1	0.336
25	6	36	15.6	0.2	0.014	15.8	-0.3	0.876
25	7	1	11.9	0.7	0.002	13.4	1.5	0.000
25	7	2	8.0	0.7	0.003	9.4	1.4	0.000
25	7	3	16.3	0.7	0.003	17.8	1.5	0.000
25	7	22	132.7	12.6	0.238	144.9	9.2	0.271
25	7	32	59.9	0.1	0.901	59.8	-0.2	0.776
25	7	35	3.3	-0.2	0.001	3.4	0.1	0.399
25	7	36	19.8	-0.3	0.876	19.7	-0.1	0.944
26	1	1	8.7	0.6	0.001	9.9	1.2	0.000
26	1	2	4.6	0.5	0.003	5.8	1.2	0.000
26	1	3	13.4	0.6	0.002	14.5	1.1	0.000
26	1	22	603.1	2.4	0.085	621.6	3.1	0.420
26	1	32	59.3	-0.7	0.059	59.5	0.3	0.715
26	1	35	2.7	-0.2	0.000	2.7	0.0	0.054
26	1	36	26.0	-0.3	0.001	25.0	-1.0	0.231
26	4	1	-2.3	0.4	0.394	-1.4	1.2	0.010
26	4	2	-5.1	0.4	0.388	-3.6	1.5	0.000
26	4	3	0.8	0.3	0.453	2.0	1.2	0.000
26	4	22	120.5	4.0	0.508	136.2	13.0	0.024
26	4	32	73.8	0.4	0.227	74.1	0.4	0.227
26	4	35	3.1	-0.2	0.000	3.1	-0.2	0.000
26	4	36	30.2	-0.4	0.000	28.9	-1.3	0.534
26	5	1	8.6	0.5	0.044	9.4	0.8	0.000
26	5	2	4.1	0.3	0.112	4.9	0.8	0.000
26	5	3	13.8	0.6	0.054	14.5	0.7	0.000
26	5	22	135.6	5.4	0.318	135.5	-0.1	0.989
26	5	32	52.6	-1.6	0.030	52.9	0.5	0.624
26	5	35	2.9	-0.2	0.000	3.0	0.1	0.372
26	5	36	25.8	-0.3	0.003	25.7	-0.1	0.943
26	6	1	19.7	0.8	0.000	20.7	1.0	0.000
26	6	2	14.3	0.7	0.001	15.3	1.0	0.000
26	6	3	25.5	1.0	0.000	26.5	1.0	0.000
26	6	22	202.9	-1.7	0.815	204.0	0.5	0.919
26	6	32	48.6	-1.5	0.019	48.1	-0.9	0.548
26	6	35	2.3	-0.1	0.000	2.4	0.1	0.513
26	6	36	20.6	-1.4	0.003	19.2	-0.3	0.263
26	7	1	8.8	0.6	0.010	10.3	1.5	0.000
26	7	2	4.9	0.6	0.010	6.4	1.5	0.000
26	7	3	13.4	0.6	0.018	14.8	1.4	0.000
26	7	22	143.5	13.1	0.095	143.1	-0.3	0.961
26	7	32	62.2	0.4	0.525	62.7	0.9	0.238
26	7	35	2.7	-0.2	0.000	2.8	0.1	0.496
26	7	36	27.2	-0.3	0.263	25.9	-1.3	0.533